Opponent,Resultado,Tm,Opp,W,L,Team,Is_Playoffs,Previous_Team_Pace,Previous_Team_eFG%,Previous_Team_TOV%,Previous_Team_ORB%,Previous_Team_FT/FGA,Previous_Team_ORtg,Previous_Opponent_Pace,Previous_Opponent_eFG%,Previous_Opponent_TOV%,Previous_Opponent_ORB%,Previous_Opponent_FT/FGA,Previous_Opponent_ORtg,Previous_Streak,Previous_Tm,Previous_Opp,Score_Starters_Team,Score_Starters_Opp,Score_Bench_Team,Score_Bench_Opp
14,W,111,104,0,0,17,False,99.5,0.49,15.5,26.5,0.14,101.48,99.5,0.51,12.08,24.32,0.17,108.86,1.0,115.4,124.4,16.44,3.35,-12.78,-1.51
18,W,96,87,1,0,17,False,100.8,0.49,16.74,27.62,0.15,100.5,100.8,0.52,12.58,21.68,0.18,108.71,2.0,109.5,111.8,15.93,8.15,-7.83,-12.7
9,L,102,130,2,2,17,False,101.12,0.49,16.67,26.48,0.14,99.04,101.12,0.54,13.15,22.1,0.17,110.69,-1.0,111.4,108.8,9.57,6.75,-5.34,-7.58
19,W,110,106,2,1,17,False,100.38,0.51,15.36,24.14,0.13,101.86,100.38,0.55,12.46,21.62,0.19,114.51,-2.0,110.0,111.8,9.11,10.91,-9.93,-13.9
8,W,125,116,3,1,17,False,100.22,0.49,15.37,24.87,0.12,100.1,100.22,0.54,12.49,20.94,0.18,112.11,1.0,110.0,100.5,4.87,9.07,-8.66,-12.05
0,L,105,123,4,3,17,False,100.4,0.49,15.93,25.92,0.14,100.6,100.4,0.53,12.55,22.13,0.18,110.98,3.0,113.2,111.2,14.74,13.61,-6.83,-11.04
7,L,116,134,4,4,17,False,100.4,0.49,15.93,25.92,0.14,100.6,100.4,0.53,12.55,22.13,0.18,110.98,1.0,113.8,110.6,10.69,7.8,-13.88,-16.38
17,L,101,122,4,5,17,False,100.4,0.49,15.93,25.92,0.14,100.6,100.4,0.53,12.55,22.13,0.18,110.98,-1.0,110.6,115.4,3.22,13.71,-11.27,-11.78
10,L,101,104,4,6,17,False,100.4,0.49,15.93,25.92,0.14,100.6,100.4,0.53,12.55,22.13,0.18,110.98,1.0,119.4,108.0,7.43,15.29,-10.51,-12.42
6,L,124,136,4,7,17,False,100.4,0.49,15.93,25.92,0.14,100.6,100.4,0.53,12.55,22.13,0.18,110.98,1.0,113.4,116.0,7.43,13.13,-10.83,-11.51
6,W,131,110,4,6,17,False,100.4,0.49,15.93,25.92,0.14,100.6,100.4,0.53,12.55,22.13,0.18,110.98,-5.0,114.6,118.2,8.52,13.13,-9.75,-11.56
7,W,115,110,5,6,17,False,100.4,0.49,15.93,25.92,0.14,100.6,100.4,0.53,12.55,22.13,0.18,110.98,-2.0,111.0,109.8,8.52,7.8,-8.21,-15.45
17,L,120,121,6,8,17,False,100.4,0.49,15.93,25.92,0.14,100.6,100.4,0.53,12.55,22.13,0.18,110.98,-3.0,111.6,117.8,5.05,12.95,-6.35,-10.9
24,W,129,93,6,7,17,False,100.4,0.49,15.93,25.92,0.14,100.6,100.4,0.53,12.55,22.13,0.18,110.98,-1.0,119.0,110.4,8.52,13.78,-9.59,-13.81
24,W,117,112,7,7,17,False,100.4,0.49,15.93,25.92,0.14,100.6,100.4,0.53,12.55,22.13,0.18,110.98,1.0,119.8,110.0,8.52,9.56,-9.5,-13.3
12,W,116,106,8,7,17,False,100.4,0.49,15.93,25.92,0.14,100.6,100.4,0.53,12.55,22.13,0.18,110.98,2.0,114.0,107.0,8.52,12.6,-9.74,-6.86
27,L,100,105,9,9,17,False,100.4,0.49,15.93,25.92,0.14,100.6,100.4,0.53,12.55,22.13,0.18,110.98,-2.0,115.6,116.0,5.05,-8.93,-7.53,-7.16
27,L,112,114,9,10,17,False,100.4,0.49,15.93,25.92,0.14,100.6,100.4,0.53,12.55,22.13,0.18,110.98,-1.0,114.8,114.0,8.52,-5.1,-9.49,-5.55
21,W,124,114,9,9,17,False,100.4,0.49,15.93,25.92,0.14,100.6,100.4,0.53,12.55,22.13,0.18,110.98,-2.0,110.5,117.5,13.91,4.67,-8.58,-8.87
25,W,121,106,10,9,17,False,100.4,0.49,15.93,25.92,0.14,100.6,100.4,0.53,12.55,22.13,0.18,110.98,2.0,120.8,102.6,13.91,-2.46,-5.53,-9.7
3,L,118,124,11,11,17,False,100.4,0.49,15.93,25.92,0.14,100.6,100.4,0.53,12.55,22.13,0.18,110.98,3.0,119.2,114.5,8.52,4.87,-10.3,-16.9
24,W,127,117,11,10,17,False,100.4,0.49,15.93,25.92,0.14,100.6,100.4,0.53,12.55,22.13,0.18,110.98,2.0,118.6,110.6,13.91,13.78,-6.25,-12.5
13,L,89,133,12,12,17,False,100.4,0.49,15.93,25.92,0.14,100.6,100.4,0.53,12.55,22.13,0.18,110.98,-1.0,114.4,120.0,13.91,13.25,-6.38,-10.42
17,W,121,107,12,11,17,False,100.4,0.49,15.93,25.92,0.14,100.6,100.4,0.53,12.55,22.13,0.18,110.98,-1.0,110.0,117.0,13.91,0.52,-6.89,-11.73
28,W,142,122,13,11,17,False,100.4,0.49,15.93,25.92,0.14,100.6,100.4,0.53,12.55,22.13,0.18,110.98,-7.0,115.5,108.0,9.7,3.81,-7.18,-13.77
4,W,112,107,14,11,17,False,100.4,0.49,15.93,25.92,0.14,100.6,100.4,0.53,12.55,22.13,0.18,110.98,3.0,115.5,114.0,13.91,10.72,-5.03,-15.34
25,W,146,110,15,11,17,False,100.4,0.49,15.93,25.92,0.14,100.6,100.4,0.53,12.55,22.13,0.18,110.98,2.0,122.4,103.2,13.91,6.3,-5.03,-8.51
14,L,113,115,16,13,17,False,100.4,0.49,15.93,25.92,0.14,100.6,100.4,0.53,12.55,22.13,0.18,110.98,1.0,114.8,117.0,13.91,10.34,-5.03,-4.75
5,W,123,104,16,12,17,False,100.4,0.49,15.93,25.92,0.14,100.6,100.4,0.53,12.55,22.13,0.18,110.98,-1.0,102.0,107.0,12.71,-1.65,-4.18,-13.85
10,L,104,106,17,14,17,False,100.4,0.49,15.93,25.92,0.14,100.6,100.4,0.53,12.55,22.13,0.18,110.98,-4.0,113.6,107.8,13.91,15.29,-3.82,-14.86
14,L,115,116,17,15,17,False,100.4,0.49,15.93,25.92,0.14,100.6,100.4,0.53,12.55,22.13,0.18,110.98,-1.0,114.8,119.6,13.91,16.43,-6.12,-5.91
27,W,112,105,17,14,17,False,100.4,0.49,15.93,25.92,0.14,100.6,100.4,0.53,12.55,22.13,0.18,110.98,-2.0,112.4,118.8,13.91,3.01,-7.51,-11.15
13,W,129,109,18,14,17,False,100.4,0.49,15.93,25.92,0.14,100.6,100.4,0.53,12.55,22.13,0.18,110.98,-1.0,109.4,124.4,13.91,8.27,-8.92,-6.12
2,W,112,85,19,14,17,False,100.4,0.49,15.93,25.92,0.14,100.6,100.4,0.53,12.55,22.13,0.18,110.98,-1.0,112.2,114.0,13.91,8.78,-8.92,-7.04
17,W,117,106,20,14,17,False,100.4,0.49,15.93,25.92,0.14,100.6,100.4,0.53,12.55,22.13,0.18,110.98,1.0,110.4,114.8,13.91,12.95,-8.92,-12.8
12,L,95,111,21,16,17,False,100.4,0.49,15.93,25.92,0.14,100.6,100.4,0.53,12.55,22.13,0.18,110.98,3.0,117.2,104.4,13.91,12.6,-5.82,-6.5
24,W,133,100,21,15,17,False,100.4,0.49,15.93,25.92,0.14,100.6,100.4,0.53,12.55,22.13,0.18,110.98,1.0,116.8,113.2,12.71,12.37,-10.74,-10.53
9,W,141,105,22,15,17,False,100.4,0.49,15.93,25.92,0.14,100.6,100.4,0.53,12.55,22.13,0.18,110.98,-1.0,110.4,109.2,13.91,5.29,-7.94,-10.61
7,L,113,125,23,17,17,False,100.4,0.49,15.93,25.92,0.14,100.6,100.4,0.53,12.55,22.13,0.18,110.98,2.0,109.8,110.6,13.91,11.96,-7.53,-13.7
6,W,118,108,23,16,17,False,100.4,0.49,15.93,25.92,0.14,100.6,100.4,0.53,12.55,22.13,0.18,110.98,1.0,118.2,118.0,1.54,4.26,-11.36,-12.85
6,L,120,125,24,18,17,False,100.4,0.49,15.93,25.92,0.14,100.6,100.4,0.53,12.55,22.13,0.18,110.98,1.0,118.4,114.2,13.91,4.59,-5.02,-13.75
4,W,132,112,24,17,17,False,100.4,0.49,15.93,25.92,0.14,100.6,100.4,0.53,12.55,22.13,0.18,110.98,3.0,114.8,112.6,13.91,7.14,-5.02,-14.23
22,L,109,123,25,19,17,False,100.4,0.49,15.93,25.92,0.14,100.6,100.4,0.53,12.55,22.13,0.18,110.98,-3.0,118.2,119.6,13.91,14.78,-5.02,-7.63
27,W,153,124,25,18,17,False,100.4,0.49,15.93,25.92,0.14,100.6,100.4,0.53,12.55,22.13,0.18,110.98,1.0,110.6,115.4,13.91,0.68,-5.02,-7.84
19,L,83,107,26,20,17,False,100.4,0.49,15.93,25.92,0.14,100.6,100.4,0.53,12.55,22.13,0.18,110.98,1.0,111.0,112.8,12.71,12.06,-7.3,-13.74
16,L,117,141,26,21,17,False,100.4,0.49,15.93,25.92,0.14,100.6,100.4,0.53,12.55,22.13,0.18,110.98,-8.0,114.5,127.8,13.91,7.6,-9.63,-15.7
1,L,112,118,26,22,17,False,100.4,0.49,15.93,25.92,0.14,100.6,100.4,0.53,12.55,22.13,0.18,110.98,-1.0,103.0,113.2,13.91,16.71,-7.97,-15.5
10,W,110,99,26,21,17,False,100.4,0.49,15.93,25.92,0.14,100.6,100.4,0.53,12.55,22.13,0.18,110.98,-1.0,110.6,107.8,10.88,15.29,-11.48,-16.21
25,W,114,113,27,21,17,False,100.4,0.49,15.93,25.92,0.14,100.6,100.4,0.53,12.55,22.13,0.18,110.98,4.0,125.8,103.2,15.09,2.52,-6.62,-12.22
26,W,138,100,28,21,17,False,100.4,0.49,15.93,25.92,0.14,100.6,100.4,0.53,12.55,22.13,0.18,110.98,-2.0,114.2,104.5,13.91,7.93,-5.02,-11.83
12,W,117,106,29,21,17,False,100.4,0.49,15.93,25.92,0.14,100.6,100.4,0.53,12.55,22.13,0.18,110.98,-1.0,115.2,106.4,13.91,12.6,-6.42,-6.5
13,L,122,139,30,23,17,False,100.4,0.49,15.93,25.92,0.14,100.6,100.4,0.53,12.55,22.13,0.18,110.98,2.0,111.8,122.2,13.91,15.44,-6.42,-14.48
23,W,93,84,30,22,17,False,100.4,0.49,15.93,25.92,0.14,100.6,100.4,0.53,12.55,22.13,0.18,110.98,5.0,118.8,102.0,12.71,1.82,-7.67,-16.06
14,W,96,87,31,22,17,False,100.4,0.49,15.93,25.92,0.14,100.6,100.4,0.53,12.55,22.13,0.18,110.98,-2.0,115.6,116.4,13.91,-2.98,-5.69,-8.81
28,W,133,126,32,22,17,False,100.4,0.49,15.93,25.92,0.14,100.6,100.4,0.53,12.55,22.13,0.18,110.98,2.0,120.8,110.8,13.91,0.66,-5.69,-13.91
10,W,127,105,33,22,17,False,100.4,0.49,15.93,25.92,0.14,100.6,100.4,0.53,12.55,22.13,0.18,110.98,1.0,108.8,106.0,12.93,15.29,-7.67,-15.32
15,L,95,106,34,24,17,False,100.4,0.49,15.93,25.92,0.14,100.6,100.4,0.53,12.55,22.13,0.18,110.98,-4.0,97.2,112.2,12.93,7.92,-7.67,-9.9
3,L,106,114,34,25,17,False,100.4,0.49,15.93,25.92,0.14,100.6,100.4,0.53,12.55,22.13,0.18,110.98,-1.0,119.0,116.4,11.53,3.88,-11.48,-18.62
18,W,115,92,34,24,17,False,100.4,0.49,15.93,25.92,0.14,100.6,100.4,0.53,12.55,22.13,0.18,110.98,2.0,106.8,106.8,11.53,-12.5,-8.72,-5.08
11,L,114,123,35,26,17,False,100.4,0.49,15.93,25.92,0.14,100.6,100.4,0.53,12.55,22.13,0.18,110.98,3.0,111.5,111.5,13.91,9.82,-5.69,-11.84
11,W,129,102,35,25,17,False,100.4,0.49,15.93,25.92,0.14,100.6,100.4,0.53,12.55,22.13,0.18,110.98,-1.0,112.0,113.8,13.91,10.67,-5.33,-12.52
26,W,139,98,36,25,17,False,100.4,0.49,15.93,25.92,0.14,100.6,100.4,0.53,12.55,22.13,0.18,110.98,3.0,119.0,103.6,13.91,1.78,-5.33,-14.89
21,W,103,95,37,25,17,False,100.4,0.49,15.93,25.92,0.14,100.6,100.4,0.53,12.55,22.13,0.18,110.98,1.0,113.2,116.8,13.91,3.01,-3.86,-16.35
0,W,116,103,38,25,17,False,100.4,0.49,15.93,25.92,0.14,100.6,100.4,0.53,12.55,22.13,0.18,110.98,-1.0,111.6,113.6,13.91,2.64,-5.33,-16.71
5,L,95,116,39,27,17,False,100.4,0.49,15.93,25.92,0.14,100.6,100.4,0.53,12.55,22.13,0.18,110.98,1.0,106.2,106.4,13.91,9.55,-5.33,-13.62
12,W,112,104,39,26,17,False,100.4,0.49,15.93,25.92,0.14,100.6,100.4,0.53,12.55,22.13,0.18,110.98,4.0,116.2,109.4,13.91,11.94,-5.33,-12.02
23,W,126,107,40,26,17,False,100.4,0.49,15.93,25.92,0.14,100.6,100.4,0.53,12.55,22.13,0.18,110.98,1.0,112.0,100.0,15.09,-4.59,-5.31,-15.39
2,W,104,91,41,26,17,False,100.4,0.49,15.93,25.92,0.14,100.6,100.4,0.53,12.55,22.13,0.18,110.98,3.0,112.2,108.2,13.91,13.11,-5.33,-6.13
20,L,106,121,42,28,17,False,100.4,0.49,15.93,25.92,0.14,100.6,100.4,0.53,12.55,22.13,0.18,110.98,-4.0,103.8,109.0,13.91,5.81,-5.33,-11.27
15,W,111,88,42,27,17,False,100.4,0.49,15.93,25.92,0.14,100.6,100.4,0.53,12.55,22.13,0.18,110.98,-1.0,96.8,111.0,12.93,4.61,-7.67,-10.24
8,W,114,101,43,27,17,False,100.4,0.49,15.93,25.92,0.14,100.6,100.4,0.53,12.55,22.13,0.18,110.98,2.0,113.0,103.6,12.93,-14.88,-6.28,-9.23
19,L,112,119,44,29,17,False,100.4,0.49,15.93,25.92,0.14,100.6,100.4,0.53,12.55,22.13,0.18,110.98,-1.0,102.0,109.2,12.93,12.06,-7.67,-8.6
16,W,107,100,44,28,17,False,100.4,0.49,15.93,25.92,0.14,100.6,100.4,0.53,12.55,22.13,0.18,110.98,-2.0,115.0,130.4,12.93,7.56,-7.67,-11.32
1,L,92,104,45,30,17,False,100.4,0.49,15.93,25.92,0.14,100.6,100.4,0.53,12.55,22.13,0.18,110.98,-3.0,104.8,114.2,12.93,20.85,-7.29,-10.18
22,L,111,124,45,31,17,False,100.4,0.49,15.93,25.92,0.14,100.6,100.4,0.53,12.55,22.13,0.18,110.98,-1.0,118.2,121.2,12.93,14.78,-9.52,-8.21
20,L,108,117,45,32,17,False,100.4,0.49,15.93,25.92,0.14,100.6,100.4,0.53,12.55,22.13,0.18,110.98,-1.0,104.2,111.4,12.93,5.81,-9.52,-10.28
25,L,109,111,45,33,17,False,100.4,0.49,15.93,25.92,0.14,100.6,100.4,0.53,12.55,22.13,0.18,110.98,2.0,125.2,106.0,8.72,-5.75,-8.85,-6.89
22,W,113,105,45,32,17,False,100.4,0.49,15.93,25.92,0.14,100.6,100.4,0.53,12.55,22.13,0.18,110.98,-2.0,118.2,121.2,12.93,14.78,-11.75,-9.24
23,W,110,100,46,32,17,False,100.4,0.49,15.93,25.92,0.14,100.6,100.4,0.53,12.55,22.13,0.18,110.98,2.0,118.2,100.2,12.93,-10.89,-11.75,-12.27
24,W,135,123,47,32,17,False,100.4,0.49,15.93,25.92,0.14,100.6,100.4,0.53,12.55,22.13,0.18,110.98,1.0,121.8,108.6,12.93,11.97,-8.93,-15.06
9,W,114,109,48,32,17,False,100.4,0.49,15.93,25.92,0.14,100.6,100.4,0.53,12.55,22.13,0.18,110.98,2.0,115.8,109.2,12.93,5.51,-11.8,-13.24
13,L,108,124,49,34,17,False,100.4,0.49,15.93,25.92,0.14,100.6,100.4,0.53,12.55,22.13,0.18,110.98,-1.0,110.0,124.8,13.91,15.44,-7.18,-11.93
13,L,106,110,49,35,17,False,100.4,0.49,15.93,25.92,0.14,100.6,100.4,0.53,12.55,22.13,0.18,110.98,-1.0,111.2,125.6,13.91,15.44,-7.18,-9.72
24,W,105,98,49,34,17,False,100.4,0.49,15.93,25.92,0.14,100.6,100.4,0.53,12.55,22.13,0.18,110.98,3.0,128.2,109.0,12.71,11.97,-9.2,-12.36
19,L,92,94,0,2,17,True,100.4,0.49,15.93,25.92,0.14,100.6,100.4,0.53,12.55,22.13,0.18,110.98,-1.0,103.8,113.0,12.71,12.06,-9.2,-8.25
19,L,92,124,0,3,17,True,100.4,0.49,15.93,25.92,0.14,100.6,100.4,0.53,12.55,22.13,0.18,110.98,-1.0,103.0,109.8,12.71,12.06,-9.2,-8.25
19,L,85,106,0,4,17,True,100.4,0.49,15.93,25.92,0.14,100.6,100.4,0.53,12.55,22.13,0.18,110.98,-2.0,97.8,110.0,12.71,12.06,-8.92,-8.25
19,L,89,97,0,5,17,True,100.4,0.49,15.93,25.92,0.14,100.6,100.4,0.53,12.55,22.13,0.18,110.98,-3.0,92.8,110.0,12.71,12.06,-9.2,-8.25
1,L,104,108,0,2,18,False,98.22,0.54,12.02,22.26,0.16,113.38,98.22,0.5,12.5,21.28,0.2,105.7,9.0,110.6,114.4,6.05,19.3,-12.54,-16.07
0,W,126,120,0,1,18,False,99.14,0.55,11.98,21.59,0.15,113.84,99.14,0.5,13.6,23.22,0.2,104.84,3.0,113.8,111.6,7.64,13.57,-12.79,-10.98
5,W,109,91,1,2,18,False,100.69,0.55,11.62,19.57,0.15,112.08,100.69,0.5,13.44,22.4,0.2,104.15,3.0,99.6,94.2,6.48,12.23,-12.93,-12.66
5,L,89,95,2,4,18,False,100.09,0.57,11.98,18.4,0.15,114.44,100.09,0.5,13.89,22.54,0.18,103.76,1.0,101.2,93.0,4.39,10.33,-11.42,-12.8
16,L,105,110,2,5,18,False,100.57,0.56,12.32,19.28,0.16,112.57,100.57,0.5,13.17,22.65,0.18,104.87,-1.0,104.6,114.8,4.43,8.09,-13.89,-10.44
12,W,111,97,2,4,18,False,99.74,0.55,11.98,20.22,0.15,113.26,99.74,0.5,13.32,22.42,0.19,104.66,-3.0,112.2,108.8,8.32,21.25,-12.94,-10.39
25,W,126,105,3,4,18,False,99.74,0.55,11.98,20.22,0.15,113.26,99.74,0.5,13.32,22.42,0.19,104.66,3.0,116.0,110.2,8.85,5.05,-12.94,-10.86
4,W,129,107,4,4,18,False,99.74,0.55,11.98,20.22,0.15,113.26,99.74,0.5,13.32,22.42,0.19,104.66,-1.0,119.0,115.2,8.85,9.98,-13.04,-13.5
1,L,98,114,5,6,18,False,99.74,0.55,11.98,20.22,0.15,113.26,99.74,0.5,13.32,22.42,0.19,104.66,-1.0,116.4,116.2,4.43,20.85,-10.7,-14.32
0,W,116,114,5,5,18,False,99.74,0.55,11.98,20.22,0.15,113.26,99.74,0.5,13.32,22.42,0.19,104.66,1.0,116.8,112.2,4.43,13.61,-12.89,-10.27
28,W,120,99,6,5,18,False,99.74,0.55,11.98,20.22,0.15,113.26,99.74,0.5,13.32,22.42,0.19,104.66,4.0,112.8,106.8,4.45,3.81,-10.05,-12.18
4,W,122,108,7,5,18,False,99.74,0.55,11.98,20.22,0.15,113.26,99.74,0.5,13.32,22.42,0.19,104.66,3.0,120.6,115.4,8.87,9.98,-14.65,-7.53
17,L,100,117,8,7,18,False,99.74,0.55,11.98,20.22,0.15,113.26,99.74,0.5,13.32,22.42,0.19,104.66,-1.0,115.0,111.8,8.85,12.95,-13.44,-11.41
15,W,100,98,8,6,18,False,99.74,0.55,11.98,20.22,0.15,113.26,99.74,0.5,13.32,22.42,0.19,104.66,-1.0,100.4,103.6,8.85,4.84,-12.01,-12.18
22,L,113,116,9,8,18,False,99.74,0.55,11.98,20.22,0.15,113.26,99.74,0.5,13.32,22.42,0.19,104.66,2.0,102.0,108.0,8.85,6.83,-12.01,-10.44
4,W,115,91,9,7,18,False,99.74,0.55,11.98,20.22,0.15,113.26,99.74,0.5,13.32,22.42,0.19,104.66,3.0,122.2,112.0,8.85,13.84,-12.01,-10.71
8,W,118,112,10,7,18,False,99.74,0.55,11.98,20.22,0.15,113.26,99.74,0.5,13.32,22.42,0.19,104.66,3.0,122.4,106.8,8.85,6.4,-12.01,-5.33
26,W,119,106,11,7,18,False,99.74,0.55,11.98,20.22,0.15,113.26,99.74,0.5,13.32,22.42,0.19,104.66,-4.0,112.0,112.6,8.85,13.59,-12.01,-13.69
16,L,122,146,12,9,18,False,99.74,0.55,11.98,20.22,0.15,113.26,99.74,0.5,13.32,22.42,0.19,104.66,-2.0,106.2,114.4,8.85,7.56,-12.88,-14.22
1,L,123,133,12,10,18,False,99.74,0.55,11.98,20.22,0.15,113.26,99.74,0.5,13.32,22.42,0.19,104.66,-1.0,112.4,112.4,8.87,20.85,-12.02,-14.79
26,W,136,130,12,9,18,False,99.74,0.55,11.98,20.22,0.15,113.26,99.74,0.5,13.32,22.42,0.19,104.66,3.0,114.8,115.0,3.73,13.59,-13.06,-13.73
27,L,113,117,13,11,18,False,99.74,0.55,11.98,20.22,0.15,113.26,99.74,0.5,13.32,22.42,0.19,104.66,1.0,110.2,113.0,3.73,0.07,-10.51,-10.34
22,W,139,122,13,10,18,False,99.74,0.55,11.98,20.22,0.15,113.26,99.74,0.5,13.32,22.42,0.19,104.66,-1.0,104.2,109.6,3.73,14.78,-11.74,-12.93
12,L,122,144,14,12,18,False,99.74,0.55,11.98,20.22,0.15,113.26,99.74,0.5,13.32,22.42,0.19,104.66,1.0,112.0,106.4,3.73,12.6,-11.79,-11.37
13,W,114,109,14,11,18,False,99.74,0.55,11.98,20.22,0.15,113.26,99.74,0.5,13.32,22.42,0.19,104.66,1.0,114.0,114.8,3.73,13.25,-11.82,-10.53
2,W,121,102,15,11,18,False,99.74,0.55,11.98,20.22,0.15,113.26,99.74,0.5,13.32,22.42,0.19,104.66,7.0,112.8,113.6,6.96,11.58,-12.33,-7.73
16,L,111,130,16,13,18,False,99.74,0.55,11.98,20.22,0.15,113.26,99.74,0.5,13.32,22.42,0.19,104.66,-1.0,109.0,119.0,6.96,7.56,-10.78,-15.7
16,W,129,122,16,12,18,False,99.74,0.55,11.98,20.22,0.15,113.26,99.74,0.5,13.32,22.42,0.19,104.66,-1.0,109.6,121.2,6.96,7.56,-12.29,-15.7
19,L,120,129,17,14,18,False,99.74,0.55,11.98,20.22,0.15,113.26,99.74,0.5,13.32,22.42,0.19,104.66,1.0,116.8,121.5,6.96,12.06,-10.78,-12.2
20,L,108,117,17,15,18,False,99.74,0.55,11.98,20.22,0.15,113.26,99.74,0.5,13.32,22.42,0.19,104.66,-3.0,107.8,100.6,6.96,2.64,-10.78,-9.31
11,L,126,140,17,16,18,False,99.74,0.55,11.98,20.22,0.15,113.26,99.74,0.5,13.32,22.42,0.19,104.66,-2.0,121.2,116.6,2.55,6.72,-18.41,-9.58
17,W,112,106,17,15,18,False,99.74,0.55,11.98,20.22,0.15,113.26,99.74,0.5,13.32,22.42,0.19,104.66,-1.0,112.0,112.8,5.47,12.95,-16.35,-12.8
3,W,116,100,18,15,18,False,99.74,0.55,11.98,20.22,0.15,113.26,99.74,0.5,13.32,22.42,0.19,104.66,-2.0,116.6,110.4,5.47,-0.08,-14.03,-17.84
21,W,128,92,19,15,18,False,99.74,0.55,11.98,20.22,0.15,113.26,99.74,0.5,13.32,22.42,0.19,104.66,-1.0,108.4,112.4,5.47,18.76,-14.39,-18.29
28,W,121,105,20,15,18,False,99.74,0.55,11.98,20.22,0.15,113.26,99.74,0.5,13.32,22.42,0.19,104.66,2.0,114.0,108.2,5.47,3.81,-14.39,-12.5
23,W,112,84,21,15,18,False,99.74,0.55,11.98,20.22,0.15,113.26,99.74,0.5,13.32,22.42,0.19,104.66,2.0,120.8,112.2,5.47,2.71,-13.58,-10.11
6,L,124,128,22,17,18,False,99.74,0.55,11.98,20.22,0.15,113.26,99.74,0.5,13.32,22.42,0.19,104.66,-4.0,109.0,102.2,5.47,4.26,-14.84,-13.08
14,W,106,94,22,16,18,False,99.74,0.55,11.98,20.22,0.15,113.26,99.74,0.5,13.32,22.42,0.19,104.66,-2.0,114.2,120.0,-2.73,-7.32,-10.29,-1.77
20,L,94,98,23,18,18,False,99.74,0.55,11.98,20.22,0.15,113.26,99.74,0.5,13.32,22.42,0.19,104.66,-2.0,109.8,103.2,-2.73,-8.36,-8.46,-4.65
10,W,109,94,23,17,18,False,99.74,0.55,11.98,20.22,0.15,113.26,99.74,0.5,13.32,22.42,0.19,104.66,1.0,116.8,101.2,5.47,15.29,-13.58,-14.71
28,W,113,109,24,17,18,False,99.74,0.55,11.98,20.22,0.15,113.26,99.74,0.5,13.32,22.42,0.19,104.66,4.0,115.8,107.6,5.47,4.8,-14.91,-12.89
26,W,126,100,25,17,18,False,99.74,0.55,11.98,20.22,0.15,113.26,99.74,0.5,13.32,22.42,0.19,104.66,1.0,120.8,118.4,5.47,6.8,-14.21,-9.76
2,W,108,103,26,17,18,False,99.74,0.55,11.98,20.22,0.15,113.26,99.74,0.5,13.32,22.42,0.19,104.66,2.0,117.4,112.0,2.24,8.78,-12.8,-2.12
7,W,122,84,27,17,18,False,99.74,0.55,11.98,20.22,0.15,113.26,99.74,0.5,13.32,22.42,0.19,104.66,3.0,109.0,114.5,2.24,11.96,-12.8,-14.0
15,W,125,109,28,17,18,False,99.74,0.55,11.98,20.22,0.15,113.26,99.74,0.5,13.32,22.42,0.19,104.66,1.0,98.2,102.2,5.47,16.14,-14.21,-8.14
4,W,113,92,29,17,18,False,99.74,0.55,11.98,20.22,0.15,113.26,99.74,0.5,13.32,22.42,0.19,104.66,1.0,118.4,104.0,-1.06,5.38,-15.71,-17.33
27,W,118,103,30,17,18,False,99.74,0.55,11.98,20.22,0.15,113.26,99.74,0.5,13.32,22.42,0.19,104.66,-1.0,110.8,113.8,-1.06,0.68,-20.91,-7.84
11,W,109,105,31,17,18,False,99.74,0.55,11.98,20.22,0.15,113.26,99.74,0.5,13.32,22.42,0.19,104.66,-3.0,125.6,125.8,-1.06,11.91,-21.24,-12.19
13,L,105,113,32,19,18,False,99.74,0.55,11.98,20.22,0.15,113.26,99.74,0.5,13.32,22.42,0.19,104.66,1.0,114.0,113.6,-1.06,15.44,-21.24,-13.09
14,W,123,113,32,18,18,False,99.74,0.55,11.98,20.22,0.15,113.26,99.74,0.5,13.32,22.42,0.19,104.66,1.0,112.6,114.8,-1.06,-11.94,-20.83,-9.56
6,L,108,122,33,20,18,False,99.74,0.55,11.98,20.22,0.15,113.26,99.74,0.5,13.32,22.42,0.19,104.66,-1.0,112.0,107.4,-9.26,9.7,-9.92,-12.11
11,L,111,125,33,21,18,False,99.74,0.55,11.98,20.22,0.15,113.26,99.74,0.5,13.32,22.42,0.19,104.66,9.0,125.6,125.6,-3.65,10.67,-8.61,-12.28
10,L,103,105,33,22,18,False,99.74,0.55,11.98,20.22,0.15,113.26,99.74,0.5,13.32,22.42,0.19,104.66,1.0,115.2,99.8,-4.3,9.26,-10.95,-16.78
20,L,100,118,33,23,18,False,99.74,0.55,11.98,20.22,0.15,113.26,99.74,0.5,13.32,22.42,0.19,104.66,-1.0,105.0,105.2,-1.62,1.16,-12.87,-14.3
21,W,110,96,33,22,18,False,99.74,0.55,11.98,20.22,0.15,113.26,99.74,0.5,13.32,22.42,0.19,104.66,3.0,112.4,106.2,-1.06,6.78,-13.25,-12.57
1,L,102,116,34,24,18,False,99.74,0.55,11.98,20.22,0.15,113.26,99.74,0.5,13.32,22.42,0.19,104.66,-2.0,113.0,115.6,-1.06,20.85,-8.27,-11.43
8,W,113,111,34,23,18,False,99.74,0.55,11.98,20.22,0.15,113.26,99.74,0.5,13.32,22.42,0.19,104.66,2.0,125.2,108.8,-1.06,3.55,-13.25,-10.89
9,L,99,110,35,26,18,False,99.74,0.55,11.98,20.22,0.15,113.26,99.74,0.5,13.32,22.42,0.19,104.66,8.0,111.2,106.0,-1.06,2.47,-13.25,-6.0
5,W,107,98,35,25,18,False,99.74,0.55,11.98,20.22,0.15,113.26,99.74,0.5,13.32,22.42,0.19,104.66,-1.0,101.0,90.6,-1.06,9.68,-3.68,-17.96
0,L,100,116,36,27,18,False,99.74,0.55,11.98,20.22,0.15,113.26,99.74,0.5,13.32,22.42,0.19,104.66,1.0,120.2,112.6,-9.26,8.84,-5.32,-16.71
20,W,98,74,36,26,18,False,99.74,0.55,11.98,20.22,0.15,113.26,99.74,0.5,13.32,22.42,0.19,104.66,-4.0,102.0,108.4,-1.06,3.99,-12.73,-11.74
21,L,73,79,37,28,18,False,99.74,0.55,11.98,20.22,0.15,113.26,99.74,0.5,13.32,22.42,0.19,104.66,1.0,113.2,104.6,-1.06,-0.31,-3.19,-13.86
21,W,106,79,37,27,18,False,99.74,0.55,11.98,20.22,0.15,113.26,99.74,0.5,13.32,22.42,0.19,104.66,-1.0,105.4,96.6,2.26,8.72,-5.56,-12.85
23,W,105,93,38,27,18,False,99.74,0.55,11.98,20.22,0.15,113.26,99.74,0.5,13.32,22.42,0.19,104.66,5.0,119.0,106.6,2.26,-8.59,-10.71,-12.96
24,W,98,91,39,27,18,False,99.74,0.55,11.98,20.22,0.15,113.26,99.74,0.5,13.32,22.42,0.19,104.66,-2.0,119.0,108.0,2.26,13.78,-10.71,-14.03
9,W,119,112,40,27,18,False,99.74,0.55,11.98,20.22,0.15,113.26,99.74,0.5,13.32,22.42,0.19,104.66,-2.0,108.8,106.8,-4.38,3.3,-8.98,-5.42
7,L,100,113,41,29,18,False,99.74,0.55,11.98,20.22,0.15,113.26,99.74,0.5,13.32,22.42,0.19,104.66,5.0,111.6,108.4,-4.38,11.96,-8.98,-14.5
2,W,105,93,41,28,18,False,99.74,0.55,11.98,20.22,0.15,113.26,99.74,0.5,13.32,22.42,0.19,104.66,4.0,122.0,110.2,-4.38,13.28,-8.98,-7.31
8,W,124,99,42,28,18,False,99.74,0.55,11.98,20.22,0.15,113.26,99.74,0.5,13.32,22.42,0.19,104.66,1.0,121.8,109.8,-4.38,-12.85,-8.98,-10.26
26,W,145,101,43,28,18,False,99.74,0.55,11.98,20.22,0.15,113.26,99.74,0.5,13.32,22.42,0.19,104.66,3.0,123.6,116.8,-4.38,-9.22,-10.08,-14.13
25,L,126,130,44,30,18,False,99.74,0.55,11.98,20.22,0.15,113.26,99.74,0.5,13.32,22.42,0.19,104.66,2.0,118.0,109.2,-4.38,2.52,-7.68,-7.18
19,L,112,113,44,31,18,False,99.74,0.55,11.98,20.22,0.15,113.26,99.74,0.5,13.32,22.42,0.19,104.66,-1.0,117.4,123.0,-4.38,12.06,-9.01,-5.95
15,L,99,109,44,32,18,False,99.74,0.55,11.98,20.22,0.15,113.26,99.74,0.5,13.32,22.42,0.19,104.66,6.0,106.0,103.0,-4.38,7.91,-10.54,-10.43
24,W,120,109,44,31,18,False,99.74,0.55,11.98,20.22,0.15,113.26,99.74,0.5,13.32,22.42,0.19,104.66,3.0,114.8,104.6,-4.38,11.97,-10.54,-12.36
3,L,100,108,45,33,18,False,99.74,0.55,11.98,20.22,0.15,113.26,99.74,0.5,13.32,22.42,0.19,104.66,2.0,116.8,106.6,2.26,3.88,-10.51,-13.36
16,W,122,109,45,32,18,False,99.74,0.55,11.98,20.22,0.15,113.26,99.74,0.5,13.32,22.42,0.19,104.66,1.0,114.8,123.8,2.26,7.56,-10.51,-14.2
3,W,128,117,46,32,18,False,99.74,0.55,11.98,20.22,0.15,113.26,99.74,0.5,13.32,22.42,0.19,104.66,-1.0,115.0,107.4,2.26,6.8,-10.51,-17.57
1,W,118,109,47,32,18,False,99.74,0.55,11.98,20.22,0.15,113.26,99.74,0.5,13.32,22.42,0.19,104.66,-1.0,111.6,120.0,2.26,20.85,-10.51,-10.81
2,W,111,107,48,32,18,False,99.74,0.55,11.98,20.22,0.15,113.26,99.74,0.5,13.32,22.42,0.19,104.66,1.0,120.0,104.4,-0.98,4.04,-10.41,-1.69
3,W,120,119,49,32,18,False,99.74,0.55,11.98,20.22,0.15,113.26,99.74,0.5,13.32,22.42,0.19,104.66,2.0,115.0,106.8,2.26,6.8,-10.51,-17.68
21,W,111,104,0,0,18,True,99.74,0.55,11.98,20.22,0.15,113.26,99.74,0.5,13.32,22.42,0.19,104.66,1.0,105.0,93.0,2.26,20.07,-9.37,-13.79
21,W,104,101,1,0,18,True,99.74,0.55,11.98,20.22,0.15,113.26,99.74,0.5,13.32,22.42,0.19,104.66,1.0,105.6,90.0,2.26,20.07,-9.37,-13.79
21,L,114,125,2,2,18,True,99.74,0.55,11.98,20.22,0.15,113.26,99.74,0.5,13.32,22.42,0.19,104.66,2.0,100.8,91.8,2.26,20.07,-9.37,-12.16
21,W,97,92,2,1,18,True,99.74,0.55,11.98,20.22,0.15,113.26,99.74,0.5,13.32,22.42,0.19,104.66,-1.0,101.6,97.6,2.26,20.07,-9.37,-12.16
21,L,106,112,3,3,18,True,99.74,0.55,11.98,20.22,0.15,113.26,99.74,0.5,13.32,22.42,0.19,104.66,1.0,106.4,100.2,2.26,20.07,-12.26,-12.16
21,W,118,115,3,2,18,True,99.74,0.55,11.98,20.22,0.15,113.26,99.74,0.5,13.32,22.42,0.19,104.66,-1.0,106.4,106.8,2.26,20.07,-12.26,-12.16
11,W,121,117,4,2,18,True,99.74,0.55,11.98,20.22,0.15,113.26,99.74,0.5,13.32,22.42,0.19,104.66,-2.0,124.0,128.0,2.26,10.67,-12.26,-13.23
11,W,130,121,5,2,18,True,99.74,0.55,11.98,20.22,0.15,113.26,99.74,0.5,13.32,22.42,0.19,104.66,2.0,120.6,125.6,2.26,10.67,-14.24,-13.23
11,L,106,111,6,4,18,True,99.74,0.55,11.98,20.22,0.15,113.26,99.74,0.5,13.32,22.42,0.19,104.66,3.0,119.4,121.6,-1.06,10.67,-11.87,-13.23
11,L,89,121,6,5,18,True,99.74,0.55,11.98,20.22,0.15,113.26,99.74,0.5,13.32,22.42,0.19,104.66,-1.0,115.4,115.8,-1.06,10.67,-11.87,-13.23
11,W,121,91,6,4,18,True,99.74,0.55,11.98,20.22,0.15,113.26,99.74,0.5,13.32,22.42,0.19,104.66,-2.0,111.4,119.0,-4.38,10.67,-9.5,-13.23
11,L,103,116,7,6,18,True,99.74,0.55,11.98,20.22,0.15,113.26,99.74,0.5,13.32,22.42,0.19,104.66,1.0,113.4,112.2,-4.38,10.67,-9.5,-13.23
11,L,109,130,7,7,18,True,99.74,0.55,11.98,20.22,0.15,113.26,99.74,0.5,13.32,22.42,0.19,104.66,-1.0,109.8,112.0,2.26,10.67,-14.24,-13.23
3,W,124,104,0,0,19,False,99.24,0.49,13.38,20.12,0.16,101.06,99.24,0.56,12.74,23.24,0.15,114.28,2.0,114.5,111.5,10.01,8.24,-9.86,-8.22
5,W,108,105,1,0,19,False,98.59,0.47,13.28,19.14,0.14,97.27,98.59,0.56,12.33,23.13,0.15,114.7,1.0,100.8,102.8,14.63,8.3,-7.26,-12.19
7,L,95,128,2,2,19,False,98.93,0.47,13.33,19.21,0.14,96.49,98.93,0.56,11.95,24.25,0.15,115.76,1.0,112.2,117.4,12.51,14.0,-8.67,-10.59
8,W,124,112,2,1,19,False,99.59,0.46,13.88,20.13,0.13,94.22,99.59,0.56,12.14,24.1,0.14,114.85,1.0,106.2,107.8,10.19,7.37,-13.64,-9.29
9,L,139,141,3,4,19,False,98.27,0.46,13.41,21.08,0.14,95.93,98.27,0.55,11.69,24.04,0.15,114.46,-3.0,118.8,128.6,5.46,8.28,-15.55,-4.87
0,W,126,117,3,3,19,False,98.92,0.47,13.46,19.94,0.14,96.99,98.92,0.56,12.17,23.75,0.15,114.81,-1.0,118.0,125.0,12.06,13.61,-14.16,-11.52
5,W,128,120,4,3,19,False,98.92,0.47,13.46,19.94,0.14,96.99,98.92,0.56,12.17,23.75,0.15,114.81,2.0,102.2,103.2,12.06,16.25,-12.81,-7.42
24,L,98,105,5,5,19,False,98.92,0.47,13.46,19.94,0.14,96.99,98.92,0.56,12.17,23.75,0.15,114.81,-4.0,111.6,121.8,12.06,3.64,-13.64,-12.63
22,W,111,99,5,4,19,False,98.92,0.47,13.46,19.94,0.14,96.99,98.92,0.56,12.17,23.75,0.15,114.81,-2.0,115.0,120.0,12.06,11.11,-12.34,-14.04
25,W,123,87,6,4,19,False,98.92,0.47,13.46,19.94,0.14,96.99,98.92,0.56,12.17,23.75,0.15,114.81,2.0,115.4,110.2,12.06,3.15,-13.48,-13.74
9,W,128,109,7,4,19,False,98.92,0.47,13.46,19.94,0.14,96.99,98.92,0.56,12.17,23.75,0.15,114.81,-2.0,127.0,134.8,12.06,3.4,-12.63,-9.9
9,W,130,123,8,4,19,False,98.92,0.47,13.46,19.94,0.14,96.99,98.92,0.56,12.17,23.75,0.15,114.81,3.0,128.6,131.0,12.06,9.89,-12.49,-7.49
23,W,134,91,9,4,19,False,98.92,0.47,13.46,19.94,0.14,96.99,98.92,0.56,12.17,23.75,0.15,114.81,1.0,115.6,110.8,8.22,3.38,-14.48,-18.65
3,W,116,102,10,4,19,False,98.92,0.47,13.46,19.94,0.14,96.99,98.92,0.56,12.17,23.75,0.15,114.81,1.0,116.4,110.0,8.22,4.87,-14.24,-4.59
21,L,123,127,11,6,19,False,98.92,0.47,13.46,19.94,0.14,96.99,98.92,0.56,12.17,23.75,0.15,114.81,1.0,104.8,111.0,8.22,15.52,-13.36,-17.07
17,L,103,106,11,7,19,False,98.92,0.47,13.46,19.94,0.14,96.99,98.92,0.56,12.17,23.75,0.15,114.81,-1.0,110.8,118.2,12.06,10.05,-11.67,-14.84
13,W,133,110,11,6,19,False,98.92,0.47,13.46,19.94,0.14,96.99,98.92,0.56,12.17,23.75,0.15,114.81,-2.0,111.4,121.0,12.06,13.08,-13.19,-15.12
6,W,126,120,12,6,19,False,98.92,0.47,13.46,19.94,0.14,96.99,98.92,0.56,12.17,23.75,0.15,114.81,2.0,114.6,111.8,12.06,5.34,-12.6,-14.7
10,L,101,110,13,8,19,False,98.92,0.47,13.46,19.94,0.14,96.99,98.92,0.56,12.17,23.75,0.15,114.81,1.0,121.4,112.2,12.06,15.29,-12.6,-14.29
9,W,138,136,13,7,19,False,98.92,0.47,13.46,19.94,0.14,96.99,98.92,0.56,12.17,23.75,0.15,114.81,4.0,131.8,127.4,12.06,9.05,-12.24,-7.22
27,W,134,120,14,7,19,False,98.92,0.47,13.46,19.94,0.14,96.99,98.92,0.56,12.17,23.75,0.15,114.81,1.0,118.6,115.4,9.74,-6.32,-13.79,-10.44
24,L,123,128,15,9,19,False,98.92,0.47,13.46,19.94,0.14,96.99,98.92,0.56,12.17,23.75,0.15,114.81,-1.0,110.6,120.2,12.06,13.78,-11.67,-11.1
7,W,118,117,15,8,19,False,98.92,0.47,13.46,19.94,0.14,96.99,98.92,0.56,12.17,23.75,0.15,114.81,-1.0,109.8,120.4,12.06,7.01,-11.67,-11.92
14,W,116,97,16,8,19,False,98.92,0.47,13.46,19.94,0.14,96.99,98.92,0.56,12.17,23.75,0.15,114.81,2.0,112.0,115.6,12.06,0.62,-11.67,-7.29
12,W,134,115,17,8,19,False,98.92,0.47,13.46,19.94,0.14,96.99,98.92,0.56,12.17,23.75,0.15,114.81,-1.0,104.0,113.8,12.06,3.46,-11.67,-4.94
13,L,120,129,18,10,19,False,98.92,0.47,13.46,19.94,0.14,96.99,98.92,0.56,12.17,23.75,0.15,114.81,1.0,119.0,119.8,9.45,6.41,-13.22,-7.37
17,W,129,106,18,9,19,False,98.92,0.47,13.46,19.94,0.14,96.99,98.92,0.56,12.17,23.75,0.15,114.81,-2.0,109.8,116.4,12.06,12.95,-11.67,-14.53
7,W,119,93,20,9,19,False,98.92,0.47,13.46,19.94,0.14,96.99,98.92,0.56,12.17,23.75,0.15,114.81,1.0,110.0,119.4,12.06,9.09,-12.62,-13.75
2,W,124,108,21,9,19,False,98.92,0.47,13.46,19.94,0.14,96.99,98.92,0.56,12.17,23.75,0.15,114.81,3.0,114.8,109.5,12.06,8.78,-13.19,-2.12
1,W,127,123,22,9,19,False,98.92,0.47,13.46,19.94,0.14,96.99,98.92,0.56,12.17,23.75,0.15,114.81,1.0,125.0,121.5,12.06,20.85,-12.2,-14.18
0,L,138,141,23,11,19,False,98.92,0.47,13.46,19.94,0.14,96.99,98.92,0.56,12.17,23.75,0.15,114.81,1.0,119.6,123.4,12.06,12.35,-12.62,-15.54
2,L,115,124,23,12,19,False,98.92,0.47,13.46,19.94,0.14,96.99,98.92,0.56,12.17,23.75,0.15,114.81,4.0,116.6,109.2,12.06,8.78,-13.19,-2.12
28,W,136,128,23,11,19,False,98.92,0.47,13.46,19.94,0.14,96.99,98.92,0.56,12.17,23.75,0.15,114.81,1.0,116.2,113.2,12.06,3.81,-12.85,-11.94
15,W,128,120,24,11,19,False,98.92,0.47,13.46,19.94,0.14,96.99,98.92,0.56,12.17,23.75,0.15,114.81,-1.0,104.2,111.2,12.06,4.88,-12.85,-9.57
23,W,139,77,25,11,19,False,98.92,0.47,13.46,19.94,0.14,96.99,98.92,0.56,12.17,23.75,0.15,114.81,5.0,122.8,110.2,12.06,2.71,-10.36,-10.11
20,W,112,100,26,11,19,False,98.92,0.47,13.46,19.94,0.14,96.99,98.92,0.56,12.17,23.75,0.15,114.81,-1.0,108.5,106.5,12.06,-8.36,-11.71,-7.41
13,L,105,112,27,13,19,False,98.92,0.47,13.46,19.94,0.14,96.99,98.92,0.56,12.17,23.75,0.15,114.81,-1.0,122.8,121.6,12.06,16.37,-11.67,-13.12
12,L,117,128,27,14,19,False,98.92,0.47,13.46,19.94,0.14,96.99,98.92,0.56,12.17,23.75,0.15,114.81,3.0,113.2,109.2,12.06,9.88,-11.67,-4.24
27,W,134,129,27,13,19,False,98.92,0.47,13.46,19.94,0.14,96.99,98.92,0.56,12.17,23.75,0.15,114.81,2.0,125.2,112.0,9.74,0.68,-14.15,-9.8
17,W,102,97,28,13,19,False,98.92,0.47,13.46,19.94,0.14,96.99,98.92,0.56,12.17,23.75,0.15,114.81,1.0,114.4,114.4,12.06,12.95,-12.62,-13.05
23,W,111,109,29,13,19,False,98.92,0.47,13.46,19.94,0.14,96.99,98.92,0.56,12.17,23.75,0.15,114.81,3.0,126.0,101.4,12.06,7.62,-12.64,-11.54
25,W,140,114,30,13,19,False,98.92,0.47,13.46,19.94,0.14,96.99,98.92,0.56,12.17,23.75,0.15,114.81,2.0,118.8,104.8,12.06,-3.11,-12.63,-5.7
8,L,104,120,32,15,19,False,98.92,0.47,13.46,19.94,0.14,96.99,98.92,0.56,12.17,23.75,0.15,114.81,1.0,109.8,108.6,12.06,6.26,-12.94,-4.69
17,L,101,107,32,16,19,False,98.92,0.47,13.46,19.94,0.14,96.99,98.92,0.56,12.17,23.75,0.15,114.81,2.0,107.8,108.2,12.06,9.31,-12.62,-13.19
7,W,105,100,32,15,19,False,98.92,0.47,13.46,19.94,0.14,96.99,98.92,0.56,12.17,23.75,0.15,114.81,3.0,111.8,113.6,8.32,4.63,-14.99,-14.37
4,W,126,106,33,15,19,False,98.92,0.47,13.46,19.94,0.14,96.99,98.92,0.56,12.17,23.75,0.15,114.81,-1.0,115.2,128.2,8.22,0.16,-15.6,-14.18
26,W,135,127,34,15,19,False,98.92,0.47,13.46,19.94,0.14,96.99,98.92,0.56,12.17,23.75,0.15,114.81,-1.0,112.8,116.8,8.22,10.12,-15.6,-9.76
27,L,117,124,35,17,19,False,98.92,0.47,13.46,19.94,0.14,96.99,98.92,0.56,12.17,23.75,0.15,114.81,1.0,128.2,113.8,12.06,0.68,-13.73,-6.74
6,L,111,146,35,18,19,False,98.92,0.47,13.46,19.94,0.14,96.99,98.92,0.56,12.17,23.75,0.15,114.81,2.0,119.4,115.0,12.06,9.7,-13.07,-8.51
24,W,127,113,35,17,19,False,98.92,0.47,13.46,19.94,0.14,96.99,98.92,0.56,12.17,23.75,0.15,114.81,-1.0,113.2,119.6,12.06,13.78,-13.07,-10.58
20,W,127,113,36,17,19,False,98.92,0.47,13.46,19.94,0.14,96.99,98.92,0.56,12.17,23.75,0.15,114.81,4.0,109.2,105.2,12.06,8.02,-12.68,-12.33
12,W,129,107,37,17,19,False,98.92,0.47,13.46,19.94,0.14,96.99,98.92,0.56,12.17,23.75,0.15,114.81,-2.0,115.0,116.0,12.06,12.6,-8.94,-4.86
28,W,147,106,38,17,19,False,98.92,0.47,13.46,19.94,0.14,96.99,98.92,0.56,12.17,23.75,0.15,114.81,1.0,120.2,116.2,12.06,0.41,-7.47,-12.05
10,W,123,110,39,17,19,False,98.92,0.47,13.46,19.94,0.14,96.99,98.92,0.56,12.17,23.75,0.15,114.81,-1.0,119.6,111.4,12.06,15.29,-6.4,-14.8
10,W,112,95,40,17,19,False,98.92,0.47,13.46,19.94,0.14,96.99,98.92,0.56,12.17,23.75,0.15,114.81,5.0,123.2,109.8,12.06,15.29,-7.47,-14.8
25,L,118,132,41,19,19,False,98.92,0.47,13.46,19.94,0.14,96.99,98.92,0.56,12.17,23.75,0.15,114.81,4.0,122.8,103.2,12.06,2.52,-6.4,-10.5
22,W,118,110,41,18,19,False,98.92,0.47,13.46,19.94,0.14,96.99,98.92,0.56,12.17,23.75,0.15,114.81,1.0,113.8,120.6,12.06,9.5,-8.13,-9.74
13,L,104,116,42,20,19,False,98.92,0.47,13.46,19.94,0.14,96.99,98.92,0.56,12.17,23.75,0.15,114.81,-1.0,117.2,118.0,12.06,15.44,-8.13,-12.11
23,W,128,120,42,19,19,False,98.92,0.47,13.46,19.94,0.14,96.99,98.92,0.56,12.17,23.75,0.15,114.81,3.0,128.0,103.6,12.06,-4.88,-8.13,-16.12
15,W,107,100,43,19,19,False,98.92,0.47,13.46,19.94,0.14,96.99,98.92,0.56,12.17,23.75,0.15,114.81,2.0,109.0,113.0,12.06,7.91,-8.25,-11.21
14,W,124,93,44,19,19,False,98.92,0.47,13.46,19.94,0.14,96.99,98.92,0.56,12.17,23.75,0.15,114.81,2.0,111.6,110.0,12.06,-5.74,-8.25,-10.6
11,L,111,121,45,21,19,False,98.92,0.47,13.46,19.94,0.14,96.99,98.92,0.56,12.17,23.75,0.15,114.81,-1.0,120.5,116.2,12.31,10.67,-10.44,-13.22
6,W,126,119,45,20,19,False,98.92,0.47,13.46,19.94,0.14,96.99,98.92,0.56,12.17,23.75,0.15,114.81,-2.0,117.6,121.4,12.06,0.97,-7.75,-6.57
14,W,118,112,46,20,19,False,98.92,0.47,13.46,19.94,0.14,96.99,98.92,0.56,12.17,23.75,0.15,114.81,3.0,114.4,104.4,12.06,1.7,-7.75,-12.22
27,W,119,107,47,20,19,False,98.92,0.47,13.46,19.94,0.14,96.99,98.92,0.56,12.17,23.75,0.15,114.81,-1.0,125.6,118.0,12.06,-8.93,-8.25,-12.74
26,W,123,103,48,20,19,False,98.92,0.47,13.46,19.94,0.14,96.99,98.92,0.56,12.17,23.75,0.15,114.81,3.0,117.2,118.8,12.06,-8.06,-7.75,-13.88
16,L,93,118,49,22,19,False,98.92,0.47,13.46,19.94,0.14,96.99,98.92,0.56,12.17,23.75,0.15,114.81,-4.0,107.5,120.5,12.06,7.56,-8.6,-11.8
10,L,126,132,50,23,19,False,98.92,0.47,13.46,19.94,0.14,96.99,98.92,0.56,12.17,23.75,0.15,114.81,6.0,124.4,106.4,5.46,9.44,-10.13,-15.33
22,W,128,103,50,22,19,False,98.92,0.47,13.46,19.94,0.14,96.99,98.92,0.56,12.17,23.75,0.15,114.81,1.0,114.4,117.8,3.99,14.78,-4.79,-8.17
21,L,105,109,52,24,19,False,98.92,0.47,13.46,19.94,0.14,96.99,98.92,0.56,12.17,23.75,0.15,114.81,-1.0,108.4,114.2,-1.08,11.03,-6.12,-4.19
1,L,100,135,52,25,19,False,98.92,0.47,13.46,19.94,0.14,96.99,98.92,0.56,12.17,23.75,0.15,114.81,5.0,125.4,121.8,0.16,20.85,-7.0,-10.18
11,L,112,126,52,26,19,False,98.92,0.47,13.46,19.94,0.14,96.99,98.92,0.56,12.17,23.75,0.15,114.81,-1.0,118.6,117.2,6.11,10.67,-11.25,-14.27
4,W,121,118,52,25,19,False,98.92,0.47,13.46,19.94,0.14,96.99,98.92,0.56,12.17,23.75,0.15,114.81,2.0,117.4,123.8,0.16,2.4,-10.45,-16.86
24,W,112,105,53,25,19,False,98.92,0.47,13.46,19.94,0.14,96.99,98.92,0.56,12.17,23.75,0.15,114.81,1.0,116.0,118.6,12.06,11.97,-10.44,-14.46
25,W,127,89,54,25,19,False,98.92,0.47,13.46,19.94,0.14,96.99,98.92,0.56,12.17,23.75,0.15,114.81,-1.0,122.6,107.4,9.74,-7.38,-6.57,-16.87
16,W,125,107,55,25,19,False,98.92,0.47,13.46,19.94,0.14,96.99,98.92,0.56,12.17,23.75,0.15,114.81,-1.0,104.6,120.0,13.54,-3.08,-11.24,-14.39
6,W,135,86,56,25,19,False,98.92,0.47,13.46,19.94,0.14,96.99,98.92,0.56,12.17,23.75,0.15,114.81,1.0,119.4,123.0,12.06,-5.32,-8.25,-17.26
6,W,117,95,4,0,19,True,98.92,0.47,13.46,19.94,0.14,96.99,98.92,0.56,12.17,23.75,0.15,114.81,5.0,123.6,116.0,12.06,12.97,-8.25,-7.78
6,L,110,119,5,2,19,True,98.92,0.47,13.46,19.94,0.14,96.99,98.92,0.56,12.17,23.75,0.15,114.81,5.0,123.0,113.2,12.06,12.97,-8.25,-7.78
6,L,101,105,5,3,19,True,98.92,0.47,13.46,19.94,0.14,96.99,98.92,0.56,12.17,23.75,0.15,114.81,-1.0,119.8,113.0,12.06,12.97,-8.25,-7.78
6,W,100,96,5,2,19,True,98.92,0.47,13.46,19.94,0.14,96.99,98.92,0.56,12.17,23.75,0.15,114.81,-2.0,117.8,104.8,12.06,12.97,-8.25,-7.78
6,L,92,104,6,4,19,True,98.92,0.47,13.46,19.94,0.14,96.99,98.92,0.56,12.17,23.75,0.15,114.81,1.0,112.6,100.2,9.85,12.97,-7.14,-7.78
6,L,116,117,6,5,19,True,98.92,0.47,13.46,19.94,0.14,96.99,98.92,0.56,12.17,23.75,0.15,114.81,-1.0,104.0,103.8,9.85,12.97,-7.14,-7.78
10,W,116,86,0,0,20,False,96.98,0.52,15.88,24.5,0.14,105.14,96.98,0.54,10.78,26.74,0.2,117.54,1.0,119.5,118.2,9.36,11.98,-7.1,-6.3
23,W,102,97,1,0,20,False,96.94,0.52,15.84,23.82,0.15,104.99,96.94,0.55,10.24,25.43,0.19,118.43,-1.0,107.2,105.2,8.62,5.22,-4.34,-0.76
13,L,103,106,2,2,20,False,97.34,0.51,15.94,23.0,0.15,103.03,97.34,0.55,10.74,26.33,0.19,118.93,-1.0,103.5,115.5,6.85,12.17,-4.68,-8.48
12,L,102,118,2,3,20,False,96.87,0.5,15.75,23.38,0.16,101.37,96.87,0.54,9.81,25.88,0.18,118.66,1.0,108.8,109.0,7.57,12.34,-4.18,-10.76
27,W,115,113,2,2,20,False,96.87,0.5,15.54,24.98,0.16,103.07,96.87,0.55,9.71,26.78,0.18,120.29,-3.0,109.5,114.2,6.53,6.5,-12.07,-8.12
13,W,120,101,3,2,20,False,97.0,0.51,15.79,23.94,0.15,103.52,97.0,0.55,10.26,26.23,0.19,118.77,-1.0,103.4,113.6,-0.45,13.58,-13.03,-10.05
6,L,102,117,4,4,20,False,97.0,0.51,15.79,23.94,0.15,103.52,97.0,0.55,10.26,26.23,0.19,118.77,1.0,100.2,104.2,1.69,12.38,-14.02,-8.46
0,L,119,120,4,5,20,False,97.0,0.51,15.79,23.94,0.15,103.52,97.0,0.55,10.26,26.23,0.19,118.77,-1.0,115.0,122.6,4.56,13.61,-13.52,-9.84
16,W,112,97,4,4,20,False,97.0,0.51,15.79,23.94,0.15,103.52,97.0,0.55,10.26,26.23,0.19,118.77,-2.0,114.0,129.0,2.64,0.93,-11.14,-11.3
2,L,104,124,5,6,20,False,97.0,0.51,15.79,23.94,0.15,103.52,97.0,0.55,10.26,26.23,0.19,118.77,-3.0,102.6,111.8,2.64,8.68,-13.45,1.65
3,W,96,94,5,5,20,False,97.0,0.51,15.79,23.94,0.15,103.52,97.0,0.55,10.26,26.23,0.19,118.77,1.0,109.2,109.4,2.64,4.05,-14.13,-11.5
3,W,103,97,6,5,20,False,97.0,0.51,15.79,23.94,0.15,103.52,97.0,0.55,10.26,26.23,0.19,118.77,1.0,105.6,109.2,1.04,10.52,-13.24,-13.68
11,W,128,116,7,5,20,False,97.0,0.51,15.79,23.94,0.15,103.52,97.0,0.55,10.26,26.23,0.19,118.77,-1.0,112.6,120.0,2.64,7.26,-14.13,-7.81
26,W,126,107,8,5,20,False,97.0,0.51,15.79,23.94,0.15,103.52,97.0,0.55,10.26,26.23,0.19,118.77,-1.0,106.8,110.8,2.64,13.59,-12.97,-12.27
7,W,124,119,9,5,20,False,97.0,0.51,15.79,23.94,0.15,103.52,97.0,0.55,10.26,26.23,0.19,118.77,1.0,112.5,111.8,2.64,7.8,-12.96,-16.36
1,W,113,96,10,5,20,False,97.0,0.51,15.79,23.94,0.15,103.52,97.0,0.55,10.26,26.23,0.19,118.77,1.0,105.6,108.2,2.64,17.2,-14.19,-15.74
4,W,130,117,11,5,20,False,97.0,0.51,15.79,23.94,0.15,103.52,97.0,0.55,10.26,26.23,0.19,118.77,1.0,111.0,110.4,2.64,13.72,-12.96,-8.73
28,W,139,120,12,5,20,False,97.0,0.51,15.79,23.94,0.15,103.52,97.0,0.55,10.26,26.23,0.19,118.77,1.0,113.2,121.0,2.64,3.81,-12.96,-13.44
28,W,130,125,13,5,20,False,97.0,0.51,15.79,23.94,0.15,103.52,97.0,0.55,10.26,26.23,0.19,118.77,8.0,119.0,119.6,2.64,3.81,-14.17,-13.44
2,L,101,129,14,7,20,False,97.0,0.51,15.79,23.94,0.15,103.52,97.0,0.55,10.26,26.23,0.19,118.77,-1.0,103.4,118.0,2.64,11.58,-12.94,-4.44
5,L,111,121,14,8,20,False,97.0,0.51,15.79,23.94,0.15,103.52,97.0,0.55,10.26,26.23,0.19,118.77,-2.0,103.0,112.0,2.64,15.82,-12.89,-13.46
8,W,123,91,14,7,20,False,97.0,0.51,15.79,23.94,0.15,103.52,97.0,0.55,10.26,26.23,0.19,118.77,2.0,113.2,115.2,1.04,8.78,-15.47,-4.99
5,W,104,94,15,7,20,False,97.0,0.51,15.79,23.94,0.15,103.52,97.0,0.55,10.26,26.23,0.19,118.77,-2.0,101.2,113.2,2.64,11.17,-14.39,-15.12
1,L,111,128,16,9,20,False,97.0,0.51,15.79,23.94,0.15,103.52,97.0,0.55,10.26,26.23,0.19,118.77,6.0,111.6,104.2,2.64,12.85,-14.39,-9.11
1,L,97,114,16,10,20,False,97.0,0.51,15.79,23.94,0.15,103.52,97.0,0.55,10.26,26.23,0.19,118.77,-1.0,109.8,104.6,2.64,20.85,-14.39,-14.35
15,L,106,115,16,11,20,False,97.0,0.51,15.79,23.94,0.15,103.52,97.0,0.55,10.26,26.23,0.19,118.77,-4.0,113.8,113.0,5.59,5.0,-12.67,-8.53
16,L,114,118,16,12,20,False,97.0,0.51,15.79,23.94,0.15,103.52,97.0,0.55,10.26,26.23,0.19,118.77,1.0,114.4,123.0,3.99,7.56,-13.7,-14.82
11,W,117,110,16,11,20,False,97.0,0.51,15.79,23.94,0.15,103.52,97.0,0.55,10.26,26.23,0.19,118.77,3.0,115.4,118.8,3.99,5.83,-13.7,-7.5
28,W,127,119,17,11,20,False,97.0,0.51,15.79,23.94,0.15,103.52,97.0,0.55,10.26,26.23,0.19,118.77,9.0,125.0,120.8,5.59,3.81,-10.36,-12.06
21,L,92,112,18,13,20,False,97.0,0.51,15.79,23.94,0.15,103.52,97.0,0.55,10.26,26.23,0.19,118.77,-1.0,105.8,114.0,5.59,11.34,-14.73,-17.52
22,L,107,112,19,14,20,False,97.0,0.51,15.79,23.94,0.15,103.52,97.0,0.55,10.26,26.23,0.19,118.77,-2.0,107.8,111.8,2.64,14.78,-9.64,-9.78
9,L,115,121,19,15,20,False,97.0,0.51,15.79,23.94,0.15,103.52,97.0,0.55,10.26,26.23,0.19,118.77,1.0,108.5,111.5,2.64,6.52,-8.84,-9.29
24,L,135,138,19,16,20,False,97.0,0.51,15.79,23.94,0.15,103.52,97.0,0.55,10.26,26.23,0.19,118.77,-1.0,118.5,129.5,2.86,12.37,-13.29,-10.72
7,W,122,120,19,15,20,False,97.0,0.51,15.79,23.94,0.15,103.52,97.0,0.55,10.26,26.23,0.19,118.77,5.0,114.8,113.2,-4.73,11.96,-10.28,-13.48
0,W,117,110,20,15,20,False,97.0,0.51,15.79,23.94,0.15,103.52,97.0,0.55,10.26,26.23,0.19,118.77,-2.0,117.0,120.6,-8.36,12.35,-7.73,-15.5
17,L,92,113,21,17,20,False,97.0,0.51,15.79,23.94,0.15,103.52,97.0,0.55,10.26,26.23,0.19,118.77,1.0,117.0,113.2,-8.36,12.95,-3.67,-11.7
15,L,96,99,21,18,20,False,97.0,0.51,15.79,23.94,0.15,103.52,97.0,0.55,10.26,26.23,0.19,118.77,-3.0,110.0,113.8,-8.36,-0.94,-3.13,-10.41
0,L,104,106,22,20,20,False,97.0,0.51,15.79,23.94,0.15,103.52,97.0,0.55,10.26,26.23,0.19,118.77,2.0,120.8,121.0,-8.36,12.35,-4.65,-15.07
21,L,109,124,22,21,20,False,97.0,0.51,15.79,23.94,0.15,103.52,97.0,0.55,10.26,26.23,0.19,118.77,-1.0,101.4,113.2,-8.36,18.76,-7.74,-13.84
15,W,105,87,22,20,20,False,97.0,0.51,15.79,23.94,0.15,103.52,97.0,0.55,10.26,26.23,0.19,118.77,-2.0,108.2,111.6,8.02,7.92,-12.55,-5.01
5,L,99,126,23,22,20,False,97.0,0.51,15.79,23.94,0.15,103.52,97.0,0.55,10.26,26.23,0.19,118.77,2.0,103.6,111.4,5.59,9.1,-12.96,-12.88
14,L,106,107,23,23,20,False,97.0,0.51,15.79,23.94,0.15,103.52,97.0,0.55,10.26,26.23,0.19,118.77,-1.0,108.5,123.8,8.02,-2.72,-11.28,-9.08
22,W,113,98,23,22,20,False,97.0,0.51,15.79,23.94,0.15,103.52,97.0,0.55,10.26,26.23,0.19,118.77,-1.0,107.6,111.8,8.02,13.32,-11.28,-7.95
6,L,129,131,24,24,20,False,97.0,0.51,15.79,23.94,0.15,103.52,97.0,0.55,10.26,26.23,0.19,118.77,-1.0,100.6,106.8,3.95,12.57,-12.3,-16.18
25,W,108,98,24,23,20,False,97.0,0.51,15.79,23.94,0.15,103.52,97.0,0.55,10.26,26.23,0.19,118.77,-1.0,108.2,117.5,8.02,2.52,-13.09,-15.06
17,W,108,106,25,23,20,False,97.0,0.51,15.79,23.94,0.15,103.52,97.0,0.55,10.26,26.23,0.19,118.77,-1.0,112.0,113.2,8.02,12.95,-10.75,-12.99
8,W,111,99,26,23,20,False,97.0,0.51,15.79,23.94,0.15,103.52,97.0,0.55,10.26,26.23,0.19,118.77,1.0,113.8,106.6,8.02,8.11,-11.03,-8.44
15,L,95,121,27,25,20,False,97.0,0.51,15.79,23.94,0.15,103.52,97.0,0.55,10.26,26.23,0.19,118.77,1.0,108.6,107.6,8.02,14.23,-11.03,-6.95
25,W,127,111,27,24,20,False,97.0,0.51,15.79,23.94,0.15,103.52,97.0,0.55,10.26,26.23,0.19,118.77,1.0,108.2,113.6,8.02,2.52,-11.03,-7.18
3,W,114,108,28,24,20,False,97.0,0.51,15.79,23.94,0.15,103.52,97.0,0.55,10.26,26.23,0.19,118.77,2.0,103.2,103.4,8.02,3.88,-11.03,-16.19
5,W,116,109,30,25,20,False,97.0,0.51,15.79,23.94,0.15,103.52,97.0,0.55,10.26,26.23,0.19,118.77,-1.0,104.2,115.2,5.81,9.68,-11.66,-10.99
8,W,112,109,31,25,20,False,97.0,0.51,15.79,23.94,0.15,103.52,97.0,0.55,10.26,26.23,0.19,118.77,3.0,114.2,103.8,5.81,3.55,-11.66,-10.89
0,L,92,109,32,27,20,False,97.0,0.51,15.79,23.94,0.15,103.52,97.0,0.55,10.26,26.23,0.19,118.77,-1.0,120.0,117.2,0.99,8.84,-10.0,-13.13
2,W,108,81,32,26,20,False,97.0,0.51,15.79,23.94,0.15,103.52,97.0,0.55,10.26,26.23,0.19,118.77,-1.0,102.0,113.8,-0.58,10.47,-7.54,-9.38
27,W,115,107,33,26,20,False,97.0,0.51,15.79,23.94,0.15,103.52,97.0,0.55,10.26,26.23,0.19,118.77,1.0,110.6,114.0,5.81,3.08,-12.14,-12.51
8,W,113,91,34,26,20,False,97.0,0.51,15.79,23.94,0.15,103.52,97.0,0.55,10.26,26.23,0.19,118.77,3.0,116.4,101.4,5.81,8.88,-11.27,-13.63
4,W,101,89,35,26,20,False,97.0,0.51,15.79,23.94,0.15,103.52,97.0,0.55,10.26,26.23,0.19,118.77,7.0,116.8,108.2,5.81,-1.54,-13.09,-13.58
28,W,119,109,36,26,20,False,97.0,0.51,15.79,23.94,0.15,103.52,97.0,0.55,10.26,26.23,0.19,118.77,2.0,126.8,117.0,2.64,1.16,-9.45,-12.75
11,L,97,111,37,29,20,False,97.0,0.51,15.79,23.94,0.15,103.52,97.0,0.55,10.26,26.23,0.19,118.77,1.0,116.2,118.0,1.37,10.67,-12.2,-13.22
2,W,114,106,37,28,20,False,97.0,0.51,15.79,23.94,0.15,103.52,97.0,0.55,10.26,26.23,0.19,118.77,1.0,103.2,108.2,5.81,13.11,-11.27,-6.13
26,W,113,103,38,28,20,False,97.0,0.51,15.79,23.94,0.15,103.52,97.0,0.55,10.26,26.23,0.19,118.77,4.0,114.2,111.8,5.81,-4.24,-9.8,-13.79
26,W,111,96,39,28,20,False,97.0,0.51,15.79,23.94,0.15,103.52,97.0,0.55,10.26,26.23,0.19,118.77,2.0,115.2,108.2,5.81,-4.24,-12.14,-13.15
4,W,112,92,40,28,20,False,97.0,0.51,15.79,23.94,0.15,103.52,97.0,0.55,10.26,26.23,0.19,118.77,4.0,114.4,107.4,5.81,-1.54,-11.27,-13.39
24,L,107,109,42,30,20,False,97.0,0.51,15.79,23.94,0.15,103.52,97.0,0.55,10.26,26.23,0.19,118.77,-3.0,121.8,131.2,2.97,11.97,-11.65,-13.09
9,L,93,101,42,31,20,False,97.0,0.51,15.79,23.94,0.15,103.52,97.0,0.55,10.26,26.23,0.19,118.77,-2.0,109.8,113.4,8.02,5.51,-13.09,-9.34
12,L,97,100,42,32,20,False,97.0,0.51,15.79,23.94,0.15,103.52,97.0,0.55,10.26,26.23,0.19,118.77,-2.0,107.4,110.8,5.81,12.6,-11.66,-6.9
14,W,118,88,42,31,20,False,97.0,0.51,15.79,23.94,0.15,103.52,97.0,0.55,10.26,26.23,0.19,118.77,-2.0,108.0,120.4,2.97,-6.34,-9.66,-8.56
23,W,104,103,43,31,20,False,97.0,0.51,15.79,23.94,0.15,103.52,97.0,0.55,10.26,26.23,0.19,118.77,2.0,106.2,103.6,5.81,-10.89,-11.23,-11.58
4,L,115,124,45,33,20,False,97.0,0.51,15.79,23.94,0.15,103.52,97.0,0.55,10.26,26.23,0.19,118.77,4.0,115.8,103.4,5.81,2.4,-10.28,-16.13
3,W,113,98,45,32,20,False,97.0,0.51,15.79,23.94,0.15,103.52,97.0,0.55,10.26,26.23,0.19,118.77,2.0,104.4,103.6,5.81,4.11,-11.65,-13.79
10,L,106,118,46,34,20,False,97.0,0.51,15.79,23.94,0.15,103.52,97.0,0.55,10.26,26.23,0.19,118.77,1.0,118.8,111.8,3.3,9.44,-12.55,-17.88
16,L,99,117,46,35,20,False,97.0,0.51,15.79,23.94,0.15,103.52,97.0,0.55,10.26,26.23,0.19,118.77,-4.0,113.6,119.4,0.47,1.14,-14.14,-15.49
21,L,113,125,46,36,20,False,97.0,0.51,15.79,23.94,0.15,103.52,97.0,0.55,10.26,26.23,0.19,118.77,-2.0,103.4,116.6,5.81,20.07,-11.22,-13.08
16,W,113,88,46,35,20,False,97.0,0.51,15.79,23.94,0.15,103.52,97.0,0.55,10.26,26.23,0.19,118.77,-2.0,113.0,121.0,2.04,0.82,-9.34,-13.01
5,L,83,97,0,2,20,True,97.0,0.51,15.79,23.94,0.15,103.52,97.0,0.55,10.26,26.23,0.19,118.77,2.0,104.8,113.6,2.04,15.82,-9.34,-10.09
5,L,86,96,0,3,20,True,97.0,0.51,15.79,23.94,0.15,103.52,97.0,0.55,10.26,26.23,0.19,118.77,-1.0,102.6,109.4,2.04,15.82,-9.34,-10.09
5,W,121,83,0,2,20,True,97.0,0.51,15.79,23.94,0.15,103.52,97.0,0.55,10.26,26.23,0.19,118.77,-2.0,97.6,104.4,5.81,15.82,-11.22,-10.09
5,W,112,89,1,2,20,True,97.0,0.51,15.79,23.94,0.15,103.52,97.0,0.55,10.26,26.23,0.19,118.77,1.0,101.0,102.2,5.81,15.82,-11.22,-10.09
5,L,103,104,2,4,20,True,97.0,0.51,15.79,23.94,0.15,103.52,97.0,0.55,10.26,26.23,0.19,118.77,2.0,103.6,94.8,5.81,15.96,-11.22,-10.19
5,W,103,96,2,3,20,True,97.0,0.51,15.79,23.94,0.15,103.52,97.0,0.55,10.26,26.23,0.19,118.77,-1.0,101.0,93.8,3.95,10.81,-10.29,-6.51
5,L,94,106,3,5,20,True,97.0,0.51,15.79,23.94,0.15,103.52,97.0,0.55,10.26,26.23,0.19,118.77,1.0,105.0,93.6,5.81,15.96,-11.22,-10.19
16,L,117,118,0,2,21,False,96.42,0.58,13.02,14.92,0.19,115.58,96.42,0.5,13.76,28.18,0.18,106.06,-1.0,110.2,111.4,9.08,17.32,-13.52,-12.35
26,W,114,107,0,1,21,False,96.82,0.58,12.82,15.58,0.19,116.88,96.82,0.5,13.49,29.2,0.18,106.51,2.0,114.8,103.4,8.94,11.08,-12.94,-13.04
23,W,126,98,1,1,21,False,97.83,0.58,13.21,15.12,0.2,115.63,97.83,0.49,13.39,28.54,0.19,105.37,4.0,112.2,108.8,10.69,0.06,-12.93,-4.23
26,W,114,99,2,1,21,False,97.73,0.57,13.59,15.2,0.19,113.94,97.73,0.5,12.97,26.54,0.2,107.33,1.0,111.2,105.4,16.11,13.97,-12.01,-13.79
22,W,112,100,3,1,21,False,97.38,0.57,12.41,14.6,0.17,114.63,97.38,0.5,13.06,27.85,0.2,108.29,-2.0,104.5,110.2,18.82,5.46,-12.84,-10.69
28,W,146,128,4,1,21,False,97.24,0.58,13.01,15.08,0.19,115.33,97.24,0.5,13.33,28.06,0.19,106.71,5.0,111.0,109.4,20.39,3.21,-13.13,-11.79
1,W,106,103,5,1,21,False,97.24,0.58,13.01,15.08,0.19,115.33,97.24,0.5,13.33,28.06,0.19,106.71,-2.0,101.4,107.8,20.39,19.77,-14.09,-13.99
8,W,114,106,6,1,21,False,97.24,0.58,13.01,15.08,0.19,115.33,97.24,0.5,13.33,28.06,0.19,106.71,2.0,119.0,105.6,20.39,8.79,-13.76,-11.37
11,W,137,126,7,1,21,False,97.24,0.58,13.01,15.08,0.19,115.33,97.24,0.5,13.33,28.06,0.19,106.71,8.0,134.0,123.2,15.52,7.26,-15.16,-8.2
11,L,126,132,8,3,21,False,97.24,0.58,13.01,15.08,0.19,115.33,97.24,0.5,13.33,28.06,0.19,106.71,8.0,134.8,124.4,14.89,7.26,-15.81,-7.6
1,L,107,117,8,4,21,False,97.24,0.58,13.01,15.08,0.19,115.33,97.24,0.5,13.33,28.06,0.19,106.71,6.0,102.2,105.6,14.89,10.63,-16.52,-17.87
0,W,126,116,8,3,21,False,97.24,0.58,13.01,15.08,0.19,115.33,97.24,0.5,13.33,28.06,0.19,106.71,1.0,110.4,108.6,14.89,13.61,-17.1,-10.16
2,W,121,99,9,3,21,False,97.24,0.58,13.01,15.08,0.19,115.33,97.24,0.5,13.33,28.06,0.19,106.71,4.0,109.8,95.0,15.52,8.99,-17.05,1.65
5,L,119,122,10,5,21,False,97.24,0.58,13.01,15.08,0.19,115.33,97.24,0.5,13.33,28.06,0.19,106.71,6.0,110.2,111.2,15.52,6.8,-17.01,-14.69
17,L,99,112,10,6,21,False,97.24,0.58,13.01,15.08,0.19,115.33,97.24,0.5,13.33,28.06,0.19,106.71,3.0,119.8,107.2,4.67,10.05,-16.39,-11.08
13,W,138,94,11,5,21,False,97.24,0.58,13.01,15.08,0.19,115.33,97.24,0.5,13.33,28.06,0.19,106.71,2.0,119.2,110.5,15.52,13.08,-16.62,-10.7
1,L,119,125,12,8,21,False,97.24,0.58,13.01,15.08,0.19,115.33,97.24,0.5,13.33,28.06,0.19,106.71,-2.0,100.4,106.0,-4.88,16.71,-9.56,-16.1
28,W,131,126,12,7,21,False,97.24,0.58,13.01,15.08,0.19,115.33,97.24,0.5,13.33,28.06,0.19,106.71,5.0,119.6,113.8,15.52,3.81,-13.6,-15.35
0,W,125,114,13,7,21,False,97.24,0.58,13.01,15.08,0.19,115.33,97.24,0.5,13.33,28.06,0.19,106.71,1.0,116.4,112.2,15.52,9.59,-13.6,-16.44
28,W,146,101,14,7,21,False,97.24,0.58,13.01,15.08,0.19,115.33,97.24,0.5,13.33,28.06,0.19,106.71,1.0,122.2,116.8,15.52,1.06,-13.6,-11.51
8,W,129,111,15,7,21,False,97.24,0.58,13.01,15.08,0.19,115.33,97.24,0.5,13.33,28.06,0.19,106.71,7.0,123.0,106.4,15.52,9.27,-13.6,-5.61
8,W,124,92,16,7,21,False,97.24,0.58,13.01,15.08,0.19,115.33,97.24,0.5,13.33,28.06,0.19,106.71,4.0,125.2,107.4,15.52,9.45,-13.6,-5.61
4,W,135,82,17,7,21,False,97.24,0.58,13.01,15.08,0.19,115.33,97.24,0.5,13.33,28.06,0.19,106.71,7.0,119.0,105.0,15.52,5.36,-13.6,-9.01
3,L,104,108,18,9,21,False,97.24,0.58,13.01,15.08,0.19,115.33,97.24,0.5,13.33,28.06,0.19,106.71,1.0,113.6,108.2,15.52,2.61,-11.73,-15.28
17,W,127,113,18,8,21,False,97.24,0.58,13.01,15.08,0.19,115.33,97.24,0.5,13.33,28.06,0.19,106.71,-2.0,115.6,108.2,20.39,12.95,-17.83,-12.99
26,W,121,111,19,8,21,False,97.24,0.58,13.01,15.08,0.19,115.33,97.24,0.5,13.33,28.06,0.19,106.71,3.0,112.2,101.4,15.83,13.59,-13.45,-13.6
15,L,113,119,20,10,21,False,97.24,0.58,13.01,15.08,0.19,115.33,97.24,0.5,13.33,28.06,0.19,106.71,-1.0,98.8,109.0,11.34,5.0,-17.45,-11.58
10,W,131,127,21,9,21,False,97.24,0.58,13.01,15.08,0.19,115.33,97.24,0.5,13.33,28.06,0.19,106.71,3.0,122.5,110.0,11.34,5.83,-17.04,-14.84
3,L,92,105,22,11,21,False,97.24,0.58,13.01,15.08,0.19,115.33,97.24,0.5,13.33,28.06,0.19,106.71,-1.0,110.2,108.6,11.34,-0.08,-15.9,-15.3
3,W,110,97,22,10,21,False,97.24,0.58,13.01,15.08,0.19,115.33,97.24,0.5,13.33,28.06,0.19,106.71,-1.0,105.8,107.8,18.76,-0.08,-18.11,-15.3
27,L,109,120,23,13,21,False,97.24,0.58,13.01,15.08,0.19,115.33,97.24,0.5,13.33,28.06,0.19,106.71,1.0,101.0,113.2,1.17,0.68,-8.77,-7.84
0,L,132,139,23,14,21,False,97.24,0.58,13.01,15.08,0.19,115.33,97.24,0.5,13.33,28.06,0.19,106.71,2.0,122.4,114.2,6.48,12.12,-14.09,-16.75
24,W,112,93,23,13,21,False,97.24,0.58,13.01,15.08,0.19,115.33,97.24,0.5,13.33,28.06,0.19,106.71,5.0,114.2,106.2,6.48,12.37,-14.09,-12.1
10,W,124,115,24,13,21,False,97.24,0.58,13.01,15.08,0.19,115.33,97.24,0.5,13.33,28.06,0.19,106.71,2.0,124.2,113.4,18.76,15.29,-16.33,-15.32
7,W,126,121,25,13,21,False,97.24,0.58,13.01,15.08,0.19,115.33,97.24,0.5,13.33,28.06,0.19,106.71,-3.0,112.5,109.5,18.76,11.96,-13.84,-14.41
4,W,97,89,27,13,21,False,97.24,0.58,13.01,15.08,0.19,115.33,97.24,0.5,13.33,28.06,0.19,106.71,6.0,126.4,99.6,18.76,11.48,-14.9,-17.53
25,W,133,123,28,13,21,False,97.24,0.58,13.01,15.08,0.19,115.33,97.24,0.5,13.33,28.06,0.19,106.71,2.0,119.0,112.0,18.76,2.52,-19.14,-9.4
11,L,122,134,29,15,21,False,97.24,0.58,13.01,15.08,0.19,115.33,97.24,0.5,13.33,28.06,0.19,106.71,-1.0,136.0,129.6,12.36,6.06,-15.32,-12.58
7,L,105,111,29,16,21,False,97.24,0.58,13.01,15.08,0.19,115.33,97.24,0.5,13.33,28.06,0.19,106.71,3.0,115.2,111.8,-7.25,11.96,-12.04,-14.0
23,L,104,130,29,17,21,False,97.24,0.58,13.01,15.08,0.19,115.33,97.24,0.5,13.33,28.06,0.19,106.71,2.0,115.0,106.6,1.29,7.62,-20.37,-14.79
9,L,107,119,29,18,21,False,97.24,0.58,13.01,15.08,0.19,115.33,97.24,0.5,13.33,28.06,0.19,106.71,-1.0,107.0,108.8,8.5,3.3,-19.85,-10.05
27,W,127,124,29,17,21,False,97.24,0.58,13.01,15.08,0.19,115.33,97.24,0.5,13.33,28.06,0.19,106.71,-2.0,102.6,114.6,7.88,0.68,-19.31,-9.8
2,L,121,136,30,19,21,False,97.24,0.58,13.01,15.08,0.19,115.33,97.24,0.5,13.33,28.06,0.19,106.71,2.0,107.2,93.8,-0.66,11.58,-13.52,-1.92
6,L,102,118,30,20,21,False,97.24,0.58,13.01,15.08,0.19,115.33,97.24,0.5,13.33,28.06,0.19,106.71,1.0,112.8,112.2,7.88,9.7,-19.64,-11.28
9,L,104,127,30,21,21,False,97.24,0.58,13.01,15.08,0.19,115.33,97.24,0.5,13.33,28.06,0.19,106.71,-4.0,107.0,110.8,7.13,9.01,-18.83,-12.89
0,L,121,127,30,22,21,False,97.24,0.58,13.01,15.08,0.19,115.33,97.24,0.5,13.33,28.06,0.19,106.71,-3.0,124.6,120.2,2.6,8.43,-18.88,-9.92
28,W,119,113,30,21,21,False,97.24,0.58,13.01,15.08,0.19,115.33,97.24,0.5,13.33,28.06,0.19,106.71,3.0,129.2,112.8,11.64,4.8,-17.71,-13.42
5,W,123,121,31,21,21,False,97.24,0.58,13.01,15.08,0.19,115.33,97.24,0.5,13.33,28.06,0.19,106.71,-1.0,110.4,112.8,3.31,15.82,-17.78,-8.46
15,L,104,109,32,23,21,False,97.24,0.58,13.01,15.08,0.19,115.33,97.24,0.5,13.33,28.06,0.19,106.71,-1.0,104.4,108.8,3.31,4.56,-17.78,-11.45
5,W,104,97,32,23,21,False,97.24,0.58,13.01,15.08,0.19,115.33,97.24,0.5,13.33,28.06,0.19,106.71,2.0,112.6,115.4,11.64,9.68,-15.68,-12.05
16,L,98,119,33,25,21,False,97.24,0.58,13.01,15.08,0.19,115.33,97.24,0.5,13.33,28.06,0.19,106.71,-1.0,110.4,111.4,6.78,7.6,-8.35,-12.48
1,L,99,117,33,26,21,False,97.24,0.58,13.01,15.08,0.19,115.33,97.24,0.5,13.33,28.06,0.19,106.71,-2.0,101.2,110.4,11.64,20.85,-12.37,-12.33
4,W,121,114,33,25,21,False,97.24,0.58,13.01,15.08,0.19,115.33,97.24,0.5,13.33,28.06,0.19,106.71,5.0,117.0,94.6,5.78,-5.64,-10.12,-5.32
6,W,120,116,34,25,21,False,97.24,0.58,13.01,15.08,0.19,115.33,97.24,0.5,13.33,28.06,0.19,106.71,-2.0,110.6,113.4,5.78,14.93,-10.12,-9.95
2,L,107,112,35,27,21,False,97.24,0.58,13.01,15.08,0.19,115.33,97.24,0.5,13.33,28.06,0.19,106.71,-1.0,107.2,100.8,-3.26,10.47,-12.03,-4.69
14,L,109,115,35,28,21,False,97.24,0.58,13.01,15.08,0.19,115.33,97.24,0.5,13.33,28.06,0.19,106.71,5.0,108.0,116.8,-2.26,-2.72,-15.54,-13.76
16,L,105,114,36,31,21,False,97.24,0.58,13.01,15.08,0.19,115.33,97.24,0.5,13.33,28.06,0.19,106.71,-1.0,112.4,117.2,8.72,5.47,-12.76,-14.64
4,W,109,98,36,30,21,False,97.24,0.58,13.01,15.08,0.19,115.33,97.24,0.5,13.33,28.06,0.19,106.71,1.0,121.0,96.0,3.11,-1.54,-13.68,-13.39
15,W,98,91,37,30,21,False,97.24,0.58,13.01,15.08,0.19,115.33,97.24,0.5,13.33,28.06,0.19,106.71,-1.0,107.2,110.8,3.11,5.37,-11.27,-8.75
22,L,102,115,38,32,21,False,97.24,0.58,13.01,15.08,0.19,115.33,97.24,0.5,13.33,28.06,0.19,106.71,4.0,106.0,108.2,3.11,14.78,-8.75,-10.08
13,L,94,101,38,33,21,False,97.24,0.58,13.01,15.08,0.19,115.33,97.24,0.5,13.33,28.06,0.19,106.71,2.0,123.0,107.2,8.72,15.44,-13.84,-10.81
12,W,121,107,38,32,21,False,97.24,0.58,13.01,15.08,0.19,115.33,97.24,0.5,13.33,28.06,0.19,106.71,3.0,115.5,105.8,9.34,12.6,-14.02,-10.9
24,L,96,108,39,34,21,False,97.24,0.58,13.01,15.08,0.19,115.33,97.24,0.5,13.33,28.06,0.19,106.71,1.0,113.8,103.6,3.86,11.97,-9.2,-13.09
12,L,107,108,39,35,21,False,97.24,0.58,13.01,15.08,0.19,115.33,97.24,0.5,13.33,28.06,0.19,106.71,1.0,116.6,106.0,8.72,12.6,-12.37,-6.9
5,L,114,117,39,36,21,False,97.24,0.58,13.01,15.08,0.19,115.33,97.24,0.5,13.33,28.06,0.19,106.71,1.0,116.4,112.2,8.72,15.82,-12.37,-14.97
26,W,135,120,39,35,21,False,97.24,0.58,13.01,15.08,0.19,115.33,97.24,0.5,13.33,28.06,0.19,106.71,2.0,114.0,105.6,-0.31,-4.75,-6.48,-12.19
15,W,109,105,41,35,21,False,97.24,0.58,13.01,15.08,0.19,115.33,97.24,0.5,13.33,28.06,0.19,106.71,2.0,107.0,108.8,14.45,7.91,-6.92,-9.43
14,W,116,96,42,35,21,False,97.24,0.58,13.01,15.08,0.19,115.33,97.24,0.5,13.33,28.06,0.19,106.71,-2.0,108.2,116.4,14.45,-12.31,-15.55,-3.64
25,W,133,126,43,35,21,False,97.24,0.58,13.01,15.08,0.19,115.33,97.24,0.5,13.33,28.06,0.19,106.71,6.0,121.8,114.2,2.7,0.01,-10.92,-8.26
8,W,120,102,44,35,21,False,97.24,0.58,13.01,15.08,0.19,115.33,97.24,0.5,13.33,28.06,0.19,106.71,5.0,127.4,107.2,9.72,-9.72,-13.66,-12.22
2,W,107,86,46,35,21,False,97.24,0.58,13.01,15.08,0.19,115.33,97.24,0.5,13.33,28.06,0.19,106.71,-1.0,109.4,106.4,8.72,4.04,-7.41,-1.69
15,W,105,104,47,35,21,False,97.24,0.58,13.01,15.08,0.19,115.33,97.24,0.5,13.33,28.06,0.19,106.71,3.0,105.0,110.6,20.07,7.92,-13.79,-5.34
9,W,108,104,0,0,22,False,100.76,0.51,12.56,20.36,0.18,104.4,100.76,0.55,13.46,18.62,0.12,109.42,-2.0,121.6,112.6,10.12,12.51,-11.03,-14.53
13,L,95,100,1,2,22,False,100.59,0.51,12.37,20.87,0.17,105.4,100.59,0.57,12.79,18.64,0.13,113.18,-1.0,116.8,112.4,6.47,9.51,-13.55,-6.94
27,W,126,104,1,1,22,False,100.61,0.52,12.93,18.97,0.17,105.18,100.61,0.58,13.23,19.17,0.14,113.92,2.0,117.6,114.4,6.54,10.01,-14.07,-9.8
25,L,114,115,2,3,22,False,100.53,0.52,12.95,19.78,0.18,105.44,100.53,0.56,14.26,18.91,0.14,110.16,6.0,122.4,104.8,8.23,5.09,-14.51,-11.34
25,L,121,132,2,4,22,False,100.44,0.51,13.36,20.32,0.17,103.74,100.44,0.58,14.33,18.07,0.12,111.4,-1.0,121.0,106.4,14.56,5.93,-11.66,-12.53
8,W,120,106,2,4,22,False,100.59,0.51,12.83,20.06,0.17,104.83,100.59,0.57,13.61,18.68,0.13,111.62,2.0,118.2,103.2,6.24,8.79,-11.4,-12.14
3,W,116,115,3,4,22,False,100.59,0.51,12.83,20.06,0.17,104.83,100.59,0.57,13.61,18.68,0.13,111.62,2.0,128.2,110.8,8.99,9.48,-10.76,-14.35
13,L,119,122,4,6,22,False,100.59,0.51,12.83,20.06,0.17,104.83,100.59,0.57,13.61,18.68,0.13,111.62,-1.0,111.6,110.4,9.3,13.25,-11.16,-9.84
17,W,133,115,4,6,22,False,100.59,0.51,12.83,20.06,0.17,104.83,100.59,0.57,13.61,18.68,0.13,111.62,3.0,118.6,112.2,15.93,12.95,-12.9,-11.36
27,W,131,128,5,6,22,False,100.59,0.51,12.83,20.06,0.17,104.83,100.59,0.57,13.61,18.68,0.13,111.62,1.0,120.0,111.6,15.5,3.34,-12.78,-7.34
27,W,140,137,6,6,22,False,100.59,0.51,12.83,20.06,0.17,104.83,100.59,0.57,13.61,18.68,0.13,111.62,2.0,124.0,116.2,15.05,3.34,-13.34,-7.34
23,W,120,107,7,6,22,False,100.59,0.51,12.83,20.06,0.17,104.83,100.59,0.57,13.61,18.68,0.13,111.62,1.0,110.0,100.0,14.8,9.24,-13.34,-17.95
9,W,123,115,8,6,22,False,100.59,0.51,12.83,20.06,0.17,104.83,100.59,0.57,13.61,18.68,0.13,111.62,1.0,121.8,112.8,14.8,9.89,-13.34,-6.55
14,W,110,89,9,6,22,False,100.59,0.51,12.83,20.06,0.17,104.83,100.59,0.57,13.61,18.68,0.13,111.62,3.0,111.4,120.2,7.94,3.82,-15.56,-7.42
26,L,105,112,11,8,22,False,100.59,0.51,12.83,20.06,0.17,104.83,100.59,0.57,13.61,18.68,0.13,111.62,2.0,107.2,107.8,13.69,13.59,-14.07,-13.53
7,L,111,119,11,9,22,False,100.59,0.51,12.83,20.06,0.17,104.83,100.59,0.57,13.61,18.68,0.13,111.62,-2.0,107.8,115.6,7.71,2.63,-13.53,-13.27
14,W,116,109,11,8,22,False,100.59,0.51,12.83,20.06,0.17,104.83,100.59,0.57,13.61,18.68,0.13,111.62,6.0,110.6,113.6,13.24,4.73,-14.25,-10.7
13,L,103,106,12,10,22,False,100.59,0.51,12.83,20.06,0.17,104.83,100.59,0.57,13.61,18.68,0.13,111.62,-1.0,112.4,113.8,14.8,13.25,-12.78,-9.89
24,L,106,114,12,11,22,False,100.59,0.51,12.83,20.06,0.17,104.83,100.59,0.57,13.61,18.68,0.13,111.62,-3.0,119.4,121.0,6.83,13.78,-14.2,-8.83
9,W,119,116,12,10,22,False,100.59,0.51,12.83,20.06,0.17,104.83,100.59,0.57,13.61,18.68,0.13,111.62,5.0,119.6,114.8,4.49,9.05,-6.34,-7.22
2,L,112,116,13,12,22,False,100.59,0.51,12.83,20.06,0.17,104.83,100.59,0.57,13.61,18.68,0.13,111.62,3.0,116.8,110.5,9.52,11.58,-12.66,-9.25
28,W,112,108,13,12,22,False,100.59,0.51,12.83,20.06,0.17,104.83,100.59,0.57,13.61,18.68,0.13,111.62,-1.0,106.2,104.5,10.01,3.81,-9.5,-14.0
23,L,104,109,14,14,22,False,100.59,0.51,12.83,20.06,0.17,104.83,100.59,0.57,13.61,18.68,0.13,111.62,4.0,111.8,100.0,10.01,10.51,-11.08,-11.83
24,L,105,120,14,15,22,False,100.59,0.51,12.83,20.06,0.17,104.83,100.59,0.57,13.61,18.68,0.13,111.62,-2.0,118.8,120.6,13.34,13.78,-16.29,-10.0
6,L,114,128,14,16,22,False,100.59,0.51,12.83,20.06,0.17,104.83,100.59,0.57,13.61,18.68,0.13,111.62,3.0,106.6,116.6,13.34,5.26,-13.41,-13.07
10,W,129,113,14,15,22,False,100.59,0.51,12.83,20.06,0.17,104.83,100.59,0.57,13.61,18.68,0.13,111.62,-5.0,119.0,115.0,14.8,10.43,-12.48,-14.5
4,W,133,119,15,15,22,False,100.59,0.51,12.83,20.06,0.17,104.83,100.59,0.57,13.61,18.68,0.13,111.62,1.0,125.8,98.2,14.78,5.36,-10.91,-11.76
23,W,109,88,17,15,22,False,100.59,0.51,12.83,20.06,0.17,104.83,100.59,0.57,13.61,18.68,0.13,111.62,-1.0,108.6,103.8,4.34,-2.26,-8.95,-11.23
12,L,122,131,18,17,22,False,100.59,0.51,12.83,20.06,0.17,104.83,100.59,0.57,13.61,18.68,0.13,111.62,4.0,122.0,115.6,4.34,12.6,-6.89,-6.5
15,W,113,97,18,16,22,False,100.59,0.51,12.83,20.06,0.17,104.83,100.59,0.57,13.61,18.68,0.13,111.62,-5.0,104.8,107.5,4.34,4.5,-9.85,-10.64
14,L,115,121,19,18,22,False,100.59,0.51,12.83,20.06,0.17,104.83,100.59,0.57,13.61,18.68,0.13,111.62,1.0,113.8,110.4,14.78,8.55,-9.54,-4.59
12,L,111,138,19,19,22,False,100.59,0.51,12.83,20.06,0.17,104.83,100.59,0.57,13.61,18.68,0.13,111.62,-1.0,124.4,118.8,14.78,12.6,-7.31,-6.5
13,W,127,109,19,18,22,False,100.59,0.51,12.83,20.06,0.17,104.83,100.59,0.57,13.61,18.68,0.13,111.62,-1.0,107.0,114.2,14.78,10.06,-9.98,-12.74
23,W,127,116,20,18,22,False,100.59,0.51,12.83,20.06,0.17,104.83,100.59,0.57,13.61,18.68,0.13,111.62,4.0,108.2,98.8,14.78,-2.02,-8.25,-11.42
24,W,119,117,21,18,22,False,100.59,0.51,12.83,20.06,0.17,104.83,100.59,0.57,13.61,18.68,0.13,111.62,-2.0,115.4,121.2,14.78,13.78,-7.63,-11.42
11,W,117,110,23,18,22,False,100.59,0.51,12.83,20.06,0.17,104.83,100.59,0.57,13.61,18.68,0.13,111.62,1.0,113.5,102.0,14.78,4.81,-6.95,-12.02
3,W,115,113,24,18,22,False,100.59,0.51,12.83,20.06,0.17,104.83,100.59,0.57,13.61,18.68,0.13,111.62,2.0,125.8,111.6,14.78,4.87,-10.61,-16.9
6,W,132,109,25,18,22,False,100.59,0.51,12.83,20.06,0.17,104.83,100.59,0.57,13.61,18.68,0.13,111.62,-3.0,111.4,117.6,14.78,9.66,-9.12,-14.38
11,L,131,133,26,20,22,False,100.59,0.51,12.83,20.06,0.17,104.83,100.59,0.57,13.61,18.68,0.13,111.62,5.0,114.2,103.6,14.78,6.06,-6.95,-12.68
15,W,118,105,26,20,22,False,100.59,0.51,12.83,20.06,0.17,104.83,100.59,0.57,13.61,18.68,0.13,111.62,1.0,106.4,105.4,14.78,16.14,-7.63,-7.77
2,W,136,120,27,20,22,False,100.59,0.51,12.83,20.06,0.17,104.83,100.59,0.57,13.61,18.68,0.13,111.62,-1.0,115.8,111.6,15.24,11.58,-11.26,-4.12
0,L,120,129,28,22,22,False,100.59,0.51,12.83,20.06,0.17,104.83,100.59,0.57,13.61,18.68,0.13,111.62,-1.0,110.8,122.2,14.78,12.35,-9.09,-14.72
28,W,140,112,28,21,22,False,100.59,0.51,12.83,20.06,0.17,104.83,100.59,0.57,13.61,18.68,0.13,111.62,1.0,107.4,105.2,14.78,-0.34,-9.09,-13.67
16,W,114,106,29,21,22,False,100.59,0.51,12.83,20.06,0.17,104.83,100.59,0.57,13.61,18.68,0.13,111.62,-3.0,114.5,114.8,14.78,-3.2,-9.49,-12.41
27,W,129,115,30,21,22,False,100.59,0.51,12.83,20.06,0.17,104.83,100.59,0.57,13.61,18.68,0.13,111.62,3.0,125.4,116.8,10.57,3.01,-12.7,-12.64
9,L,112,113,31,23,22,False,100.59,0.51,12.83,20.06,0.17,104.83,100.59,0.57,13.61,18.68,0.13,111.62,1.0,117.4,114.2,14.78,9.01,-6.22,-10.63
24,W,130,125,31,22,22,False,100.59,0.51,12.83,20.06,0.17,104.83,100.59,0.57,13.61,18.68,0.13,111.62,3.0,115.2,122.8,14.78,13.78,-6.22,-10.58
8,W,116,100,32,22,22,False,100.59,0.51,12.83,20.06,0.17,104.83,100.59,0.57,13.61,18.68,0.13,111.62,1.0,118.6,103.8,14.8,3.55,-9.96,-14.21
6,L,113,123,33,24,22,False,100.59,0.51,12.83,20.06,0.17,104.83,100.59,0.57,13.61,18.68,0.13,111.62,7.0,116.4,118.4,14.8,14.93,-10.99,-8.59
10,L,110,114,33,25,22,False,100.59,0.51,12.83,20.06,0.17,104.83,100.59,0.57,13.61,18.68,0.13,111.62,1.0,120.0,113.4,13.34,15.29,-11.88,-14.8
13,W,123,113,33,24,22,False,100.59,0.51,12.83,20.06,0.17,104.83,100.59,0.57,13.61,18.68,0.13,111.62,1.0,110.2,111.6,13.74,15.44,-12.73,-11.02
10,W,110,105,34,24,22,False,100.59,0.51,12.83,20.06,0.17,104.83,100.59,0.57,13.61,18.68,0.13,111.62,-2.0,116.2,113.8,13.74,15.29,-12.31,-14.8
10,L,109,118,35,26,22,False,100.59,0.51,12.83,20.06,0.17,104.83,100.59,0.57,13.61,18.68,0.13,111.62,2.0,113.4,113.0,14.78,15.29,-10.4,-15.32
7,W,117,107,35,26,22,False,100.59,0.51,12.83,20.06,0.17,104.83,100.59,0.57,13.61,18.68,0.13,111.62,-2.0,112.6,120.0,9.5,11.96,-11.53,-14.31
26,W,120,113,36,26,22,False,100.59,0.51,12.83,20.06,0.17,104.83,100.59,0.57,13.61,18.68,0.13,111.62,-1.0,106.8,108.6,9.5,1.78,-13.17,-15.71
1,L,107,117,37,28,22,False,100.59,0.51,12.83,20.06,0.17,104.83,100.59,0.57,13.61,18.68,0.13,111.62,1.0,105.8,108.0,9.5,16.71,-13.17,-14.05
5,W,117,111,37,27,22,False,100.59,0.51,12.83,20.06,0.17,104.83,100.59,0.57,13.61,18.68,0.13,111.62,-6.0,101.8,102.2,14.78,5.79,-11.21,-21.38
1,L,112,127,38,29,22,False,100.59,0.51,12.83,20.06,0.17,104.83,100.59,0.57,13.61,18.68,0.13,111.62,-1.0,106.0,109.8,14.78,16.71,-13.52,-12.61
4,W,107,96,38,28,22,False,100.59,0.51,12.83,20.06,0.17,104.83,100.59,0.57,13.61,18.68,0.13,111.62,2.0,127.2,102.4,14.78,-1.54,-8.83,-13.25
16,L,129,140,39,30,22,False,100.59,0.51,12.83,20.06,0.17,104.83,100.59,0.57,13.61,18.68,0.13,111.62,2.0,114.4,113.0,14.78,3.05,-11.05,-14.26
0,W,128,115,40,29,22,False,100.59,0.51,12.83,20.06,0.17,104.83,100.59,0.57,13.61,18.68,0.13,111.62,-1.0,112.6,123.6,14.78,5.52,-10.41,-12.02
25,W,131,106,41,29,22,False,100.59,0.51,12.83,20.06,0.17,104.83,100.59,0.57,13.61,18.68,0.13,111.62,-2.0,122.2,110.8,14.78,2.52,-7.63,-9.18
25,L,102,104,42,31,22,False,100.59,0.51,12.83,20.06,0.17,104.83,100.59,0.57,13.61,18.68,0.13,111.62,3.0,121.8,113.0,14.78,0.89,-7.63,-11.59
7,W,104,97,42,30,22,False,100.59,0.51,12.83,20.06,0.17,104.83,100.59,0.57,13.61,18.68,0.13,111.62,1.0,111.8,118.6,13.32,7.8,-7.44,-16.93
5,W,122,101,44,31,22,False,100.59,0.51,12.83,20.06,0.17,104.83,100.59,0.57,13.61,18.68,0.13,111.62,1.0,104.8,104.0,14.17,15.82,-10.36,-14.87
17,W,97,87,45,31,22,False,100.59,0.51,12.83,20.06,0.17,104.83,100.59,0.57,13.61,18.68,0.13,111.62,1.0,120.2,112.0,14.78,10.59,-8.56,-17.41
12,L,92,105,46,34,22,False,100.59,0.51,12.83,20.06,0.17,104.83,100.59,0.57,13.61,18.68,0.13,111.62,-2.0,122.0,124.6,13.32,10.19,-11.19,-12.86
12,W,124,108,46,33,22,False,100.59,0.51,12.83,20.06,0.17,104.83,100.59,0.57,13.61,18.68,0.13,111.62,-2.0,114.6,120.8,14.17,-8.56,-10.16,-9.42
24,W,108,107,47,33,22,False,100.59,0.51,12.83,20.06,0.17,104.83,100.59,0.57,13.61,18.68,0.13,111.62,1.0,117.4,122.2,14.78,11.97,-10.47,-14.46
17,W,125,106,48,33,22,False,100.59,0.51,12.83,20.06,0.17,104.83,100.59,0.57,13.61,18.68,0.13,111.62,3.0,116.4,108.0,14.78,12.95,-13.75,-14.46
17,L,95,120,0,2,22,True,100.59,0.51,12.83,20.06,0.17,104.83,100.59,0.57,13.61,18.68,0.13,111.62,3.0,115.6,105.8,14.78,12.95,-9.56,-14.46
17,L,93,105,0,3,22,True,100.59,0.51,12.83,20.06,0.17,104.83,100.59,0.57,13.61,18.68,0.13,111.62,-1.0,111.4,105.6,14.78,12.95,-9.56,-14.46
17,L,109,126,0,4,22,True,100.59,0.51,12.83,20.06,0.17,104.83,100.59,0.57,13.61,18.68,0.13,111.62,-2.0,108.6,106.6,14.17,12.95,-11.12,-14.46
17,L,116,122,0,5,22,True,100.59,0.51,12.83,20.06,0.17,104.83,100.59,0.57,13.61,18.68,0.13,111.62,-3.0,103.8,108.8,14.17,12.95,-11.12,-14.46
12,L,111,123,0,2,23,False,102.32,0.51,14.08,25.48,0.17,107.76,102.32,0.53,12.2,19.72,0.15,108.3,-3.0,107.6,118.0,3.53,4.24,-9.85,-7.82
26,W,99,91,0,3,23,False,103.66,0.51,14.8,24.46,0.18,105.67,103.66,0.51,12.96,18.9,0.15,103.8,-1.0,110.5,114.5,-0.37,12.8,-10.87,-12.31
8,W,110,101,1,3,23,False,104.4,0.51,15.4,23.31,0.2,104.61,104.4,0.52,13.13,20.42,0.16,106.16,2.0,118.5,104.2,2.58,5.35,-10.97,-10.65
14,W,115,113,2,3,23,False,105.62,0.5,15.98,21.77,0.18,101.93,105.62,0.53,12.28,17.01,0.17,107.85,-1.0,113.0,112.2,7.1,8.43,-13.96,-10.74
14,L,100,112,3,5,23,False,104.22,0.52,14.29,23.0,0.19,107.03,104.22,0.53,11.85,18.19,0.18,108.82,3.0,115.0,114.8,7.1,5.98,-14.33,-8.32
24,L,118,121,3,6,23,False,104.04,0.51,14.91,23.6,0.18,105.4,104.04,0.52,12.48,18.85,0.16,106.99,-5.0,105.6,117.4,7.1,2.98,-15.64,-11.62
13,L,110,116,3,7,23,False,104.04,0.51,14.91,23.6,0.18,105.4,104.04,0.52,12.48,18.85,0.16,106.99,1.0,112.2,114.6,1.24,7.22,-16.08,-10.8
27,L,99,115,3,8,23,False,104.04,0.51,14.91,23.6,0.18,105.4,104.04,0.52,12.48,18.85,0.16,106.99,1.0,114.0,115.8,3.38,3.34,-12.47,-9.37
5,L,95,109,3,9,23,False,104.04,0.51,14.91,23.6,0.18,105.4,104.04,0.52,12.48,18.85,0.16,106.99,-5.0,103.5,113.5,3.38,10.88,-17.04,-12.93
13,L,95,107,3,10,23,False,104.04,0.51,14.91,23.6,0.18,105.4,104.04,0.52,12.48,18.85,0.16,106.99,-3.0,112.8,116.8,3.38,13.25,-16.55,-9.77
27,W,121,105,3,11,23,False,104.04,0.51,14.91,23.6,0.18,105.4,104.04,0.52,12.48,18.85,0.16,106.99,-4.0,117.8,116.6,5.63,6.2,-13.65,-12.31
16,L,102,108,4,13,23,False,104.04,0.51,14.91,23.6,0.18,105.4,104.04,0.52,12.48,18.85,0.16,106.99,-2.0,112.2,122.5,9.24,3.92,-15.73,-12.76
11,W,114,110,4,12,23,False,104.04,0.51,14.91,23.6,0.18,105.4,104.04,0.52,12.48,18.85,0.16,106.99,-2.0,105.8,110.8,9.24,7.97,-15.73,-7.14
5,W,103,95,5,12,23,False,104.04,0.51,14.91,23.6,0.18,105.4,104.04,0.52,12.48,18.85,0.16,106.99,-5.0,101.8,112.6,9.24,15.82,-14.77,-9.7
27,L,113,118,6,14,23,False,104.04,0.51,14.91,23.6,0.18,105.4,104.04,0.52,12.48,18.85,0.16,106.99,1.0,119.4,114.0,9.24,-9.47,-14.77,-7.09
9,L,106,110,6,15,23,False,104.04,0.51,14.91,23.6,0.18,105.4,104.04,0.52,12.48,18.85,0.16,106.99,-4.0,107.6,130.4,6.41,9.05,-16.46,-7.22
6,L,112,125,6,16,23,False,104.04,0.51,14.91,23.6,0.18,105.4,104.04,0.52,12.48,18.85,0.16,106.99,2.0,115.2,123.4,0.95,6.99,-17.59,-13.26
12,L,127,132,6,17,23,False,104.04,0.51,14.91,23.6,0.18,105.4,104.04,0.52,12.48,18.85,0.16,106.99,-1.0,108.0,119.2,1.78,12.6,-12.68,-11.65
27,L,114,122,6,18,23,False,104.04,0.51,14.91,23.6,0.18,105.4,104.04,0.52,12.48,18.85,0.16,106.99,-1.0,118.8,115.4,6.16,-4.28,-10.5,-13.25
6,L,120,131,6,19,23,False,104.04,0.51,14.91,23.6,0.18,105.4,104.04,0.52,12.48,18.85,0.16,106.99,-3.0,122.0,122.8,10.51,4.89,-11.83,-14.25
9,L,114,118,6,20,23,False,104.04,0.51,14.91,23.6,0.18,105.4,104.04,0.52,12.48,18.85,0.16,106.99,-2.0,109.8,126.0,10.51,5.29,-11.83,-4.87
28,L,117,118,7,21,23,False,104.04,0.51,14.91,23.6,0.18,105.4,104.04,0.52,12.48,18.85,0.16,106.99,-1.0,116.8,117.5,9.03,3.81,-14.8,-13.56
9,L,106,126,7,22,23,False,104.04,0.51,14.91,23.6,0.18,105.4,104.04,0.52,12.48,18.85,0.16,106.99,-7.0,110.2,126.0,9.03,5.29,-15.8,-10.94
24,W,130,113,7,21,23,False,104.04,0.51,14.91,23.6,0.18,105.4,104.04,0.52,12.48,18.85,0.16,106.99,-2.0,108.6,124.0,3.88,13.78,-14.44,-11.28
25,L,105,118,8,23,23,False,104.04,0.51,14.91,23.6,0.18,105.4,104.04,0.52,12.48,18.85,0.16,106.99,-2.0,122.2,118.2,-0.12,-0.25,-8.63,-4.75
25,W,134,128,8,22,23,False,104.04,0.51,14.91,23.6,0.18,105.4,104.04,0.52,12.48,18.85,0.16,106.99,-1.0,124.8,119.2,-0.12,-1.88,-19.2,-9.16
6,L,97,126,9,25,23,False,104.04,0.51,14.91,23.6,0.18,105.4,104.04,0.52,12.48,18.85,0.16,106.99,-6.0,123.6,125.6,2.03,11.76,-9.02,-9.6
6,L,103,139,9,26,23,False,104.04,0.51,14.91,23.6,0.18,105.4,104.04,0.52,12.48,18.85,0.16,106.99,-2.0,121.0,124.8,2.71,0.1,-11.29,-13.86
2,W,134,127,9,25,23,False,104.04,0.51,14.91,23.6,0.18,105.4,104.04,0.52,12.48,18.85,0.16,106.99,-1.0,110.2,114.0,2.71,8.78,-9.59,-2.12
17,L,93,116,10,29,23,False,104.04,0.51,14.91,23.6,0.18,105.4,104.04,0.52,12.48,18.85,0.16,106.99,1.0,110.2,114.4,2.71,12.95,-14.43,-15.13
2,W,105,103,10,29,23,False,104.04,0.51,14.91,23.6,0.18,105.4,104.04,0.52,12.48,18.85,0.16,106.99,1.0,115.0,116.6,4.02,8.78,-12.69,-2.12
11,W,118,115,11,29,23,False,104.04,0.51,14.91,23.6,0.18,105.4,104.04,0.52,12.48,18.85,0.16,106.99,1.0,107.4,110.6,1.05,11.91,-15.0,-11.5
13,L,110,134,12,31,23,False,104.04,0.51,14.91,23.6,0.18,105.4,104.04,0.52,12.48,18.85,0.16,106.99,-6.0,110.6,117.4,7.62,15.44,-13.88,-15.66
10,W,137,131,12,31,23,False,104.04,0.51,14.91,23.6,0.18,105.4,104.04,0.52,12.48,18.85,0.16,106.99,1.0,113.4,112.0,7.62,10.69,-11.54,-14.37
25,L,100,116,13,33,23,False,104.04,0.51,14.91,23.6,0.18,105.4,104.04,0.52,12.48,18.85,0.16,106.99,1.0,128.2,122.8,2.33,2.52,-11.86,-7.94
3,L,96,104,13,34,23,False,104.04,0.51,14.91,23.6,0.18,105.4,104.04,0.52,12.48,18.85,0.16,106.99,-1.0,111.2,122.5,7.62,3.88,-14.79,-16.19
16,W,119,116,14,33,23,False,104.04,0.51,14.91,23.6,0.18,105.4,104.04,0.52,12.48,18.85,0.16,106.99,-1.0,110.2,119.6,7.62,7.56,-8.66,-14.34
7,L,108,120,15,35,23,False,104.04,0.51,14.91,23.6,0.18,105.4,104.04,0.52,12.48,18.85,0.16,106.99,-1.0,113.4,119.4,4.31,11.96,-11.31,-14.04
7,L,103,112,15,36,23,False,104.04,0.51,14.91,23.6,0.18,105.4,104.04,0.52,12.48,18.85,0.16,106.99,-1.0,116.6,118.6,-5.03,11.96,-10.99,-13.7
8,L,122,128,15,37,23,False,104.04,0.51,14.91,23.6,0.18,105.4,104.04,0.52,12.48,18.85,0.16,106.99,2.0,116.8,103.6,0.35,2.99,-16.86,-9.92
17,L,109,121,15,39,23,False,104.04,0.51,14.91,23.6,0.18,105.4,104.04,0.52,12.48,18.85,0.16,106.99,-3.0,112.6,112.8,3.74,12.95,-13.52,-13.51
17,L,91,128,15,40,23,False,104.04,0.51,14.91,23.6,0.18,105.4,104.04,0.52,12.48,18.85,0.16,106.99,-5.0,109.6,113.4,6.31,12.95,-16.84,-13.52
7,L,112,127,15,41,23,False,104.04,0.51,14.91,23.6,0.18,105.4,104.04,0.52,12.48,18.85,0.16,106.99,-2.0,110.2,119.0,1.83,7.8,-11.96,-15.71
4,L,80,93,15,42,23,False,104.04,0.51,14.91,23.6,0.18,105.4,104.04,0.52,12.48,18.85,0.16,106.99,1.0,116.8,112.2,1.83,-0.29,-12.13,-12.01
15,L,96,106,15,43,23,False,104.04,0.51,14.91,23.6,0.18,105.4,104.04,0.52,12.48,18.85,0.16,106.99,1.0,102.2,111.2,1.83,7.91,-14.28,-5.1
14,W,122,92,15,42,23,False,104.04,0.51,14.91,23.6,0.18,105.4,104.04,0.52,12.48,18.85,0.16,106.99,-1.0,110.4,113.4,-1.77,-6.86,-17.6,-13.44
14,W,107,100,16,42,23,False,104.04,0.51,14.91,23.6,0.18,105.4,104.04,0.52,12.48,18.85,0.16,106.99,1.0,113.6,109.6,-1.77,-8.57,-12.38,-8.41
17,L,114,119,17,44,23,False,104.04,0.51,14.91,23.6,0.18,105.4,104.04,0.52,12.48,18.85,0.16,106.99,-6.0,101.2,116.6,-9.61,5.22,-12.18,-6.89
10,L,107,123,17,46,23,False,104.04,0.51,14.91,23.6,0.18,105.4,104.04,0.52,12.48,18.85,0.16,106.99,1.0,119.6,113.2,-8.2,15.29,-13.71,-15.32
26,W,128,118,17,45,23,False,104.04,0.51,14.91,23.6,0.18,105.4,104.04,0.52,12.48,18.85,0.16,106.99,1.0,108.2,109.8,-4.59,-4.24,-5.67,-12.31
1,L,99,121,18,47,23,False,104.04,0.51,14.91,23.6,0.18,105.4,104.04,0.52,12.48,18.85,0.16,106.99,-5.0,107.8,122.8,2.26,12.07,-10.57,-13.78
0,W,106,102,18,46,23,False,104.04,0.51,14.91,23.6,0.18,105.4,104.04,0.52,12.48,18.85,0.16,106.99,-3.0,122.2,126.8,-4.59,-1.8,-10.69,-9.26
3,L,107,110,19,50,23,False,104.04,0.51,14.91,23.6,0.18,105.4,104.04,0.52,12.48,18.85,0.16,106.99,-2.0,108.2,118.8,-1.05,1.72,-17.5,-15.92
12,L,103,116,19,51,23,False,104.04,0.51,14.91,23.6,0.18,105.4,104.04,0.52,12.48,18.85,0.16,106.99,-4.0,115.4,125.2,-1.05,9.55,-17.92,-10.43
12,L,117,125,19,52,23,False,104.04,0.51,14.91,23.6,0.18,105.4,104.04,0.52,12.48,18.85,0.16,106.99,-4.0,113.6,124.8,-4.66,12.6,-12.32,-11.89
7,L,111,114,19,53,23,False,104.04,0.51,14.91,23.6,0.18,105.4,104.04,0.52,12.48,18.85,0.16,106.99,-7.0,108.6,120.2,-13.09,0.19,-11.43,-17.34
10,L,92,110,19,54,23,False,104.04,0.51,14.91,23.6,0.18,105.4,104.04,0.52,12.48,18.85,0.16,106.99,-3.0,121.4,114.8,-13.09,4.28,-17.39,-11.64
0,L,106,120,19,55,23,False,104.04,0.51,14.91,23.6,0.18,105.4,104.04,0.52,12.48,18.85,0.16,106.99,1.0,119.0,121.8,-13.09,5.52,-17.39,-10.99
15,L,82,142,19,56,23,False,104.04,0.51,14.91,23.6,0.18,105.4,104.04,0.52,12.48,18.85,0.16,106.99,-9.0,101.0,110.2,-10.89,4.61,-6.84,-7.37
4,W,89,86,19,56,23,False,104.04,0.51,14.91,23.6,0.18,105.4,104.04,0.52,12.48,18.85,0.16,106.99,-8.0,109.4,108.4,-10.89,-4.54,-11.58,-12.91
28,W,108,102,20,56,23,False,104.04,0.51,14.91,23.6,0.18,105.4,104.04,0.52,12.48,18.85,0.16,106.99,-1.0,116.8,117.6,-10.89,-6.08,-7.2,-18.38
1,L,107,124,21,58,23,False,104.04,0.51,14.91,23.6,0.18,105.4,104.04,0.52,12.48,18.85,0.16,106.99,-1.0,106.0,122.4,-10.89,13.26,-12.27,-12.55
9,L,92,100,21,60,23,False,104.04,0.51,14.91,23.6,0.18,105.4,104.04,0.52,12.48,18.85,0.16,106.99,-2.0,106.4,126.8,-10.89,4.0,-7.32,-15.57
10,L,107,116,21,61,23,False,104.04,0.51,14.91,23.6,0.18,105.4,104.04,0.52,12.48,18.85,0.16,106.99,-7.0,114.8,114.6,-10.89,2.74,-12.27,-18.25
24,L,82,121,21,62,23,False,104.04,0.51,14.91,23.6,0.18,105.4,104.04,0.52,12.48,18.85,0.16,106.99,1.0,111.6,125.0,-21.89,11.97,-4.34,-14.46
27,W,130,114,0,0,24,False,101.28,0.53,13.1,27.62,0.17,110.64,101.28,0.51,10.74,24.06,0.18,111.24,2.0,121.8,123.0,13.75,8.01,-16.34,-8.49
9,L,114,122,1,2,24,False,101.28,0.5,12.62,25.5,0.15,105.11,101.28,0.51,11.09,26.07,0.19,111.77,-1.0,111.2,116.4,14.05,11.15,-9.71,-13.27
13,W,132,127,1,1,24,False,100.13,0.49,13.22,28.2,0.15,105.01,100.13,0.51,10.63,24.91,0.19,111.88,5.0,125.8,119.4,14.05,10.46,-16.28,-7.22
9,L,101,102,2,3,24,False,100.78,0.51,13.67,27.3,0.14,105.57,100.78,0.51,10.91,25.81,0.2,112.58,-1.0,114.6,118.0,6.25,9.91,-14.83,-2.68
10,L,89,107,2,4,24,False,101.35,0.49,12.96,27.64,0.15,104.83,101.35,0.51,11.87,25.47,0.2,110.79,2.0,133.2,118.8,7.21,12.12,-12.45,-11.75
10,L,97,122,2,5,24,False,100.96,0.5,13.11,27.25,0.15,106.23,100.96,0.51,11.05,25.26,0.19,111.65,-2.0,126.6,116.8,5.08,15.29,-14.22,-18.24
5,W,132,120,4,4,24,False,100.96,0.5,13.11,27.25,0.15,106.23,100.96,0.51,11.05,25.26,0.19,111.65,1.0,111.0,110.2,13.88,16.39,-12.36,-11.55
13,W,125,110,5,4,24,False,100.96,0.5,13.11,27.25,0.15,106.23,100.96,0.51,11.05,25.26,0.19,111.65,1.0,127.2,121.6,13.72,13.25,-8.08,-11.42
25,W,129,120,6,4,24,False,100.96,0.5,13.11,27.25,0.15,106.23,100.96,0.51,11.05,25.26,0.19,111.65,-1.0,126.0,118.8,13.78,2.57,-10.34,-13.79
6,W,129,113,7,4,24,False,100.96,0.5,13.11,27.25,0.15,106.23,100.96,0.51,11.05,25.26,0.19,111.65,-1.0,115.0,119.8,12.37,13.13,-11.1,-10.8
17,W,124,111,8,6,24,False,100.96,0.5,13.11,27.25,0.15,106.23,100.96,0.51,11.05,25.26,0.19,111.65,-1.0,121.8,120.8,9.56,10.05,-12.92,-13.02
9,W,124,123,9,6,24,False,100.96,0.5,13.11,27.25,0.15,106.23,100.96,0.51,11.05,25.26,0.19,111.65,-1.0,109.8,113.2,9.56,9.05,-12.67,-8.74
12,L,117,131,10,8,24,False,100.96,0.5,13.11,27.25,0.15,106.23,100.96,0.51,11.05,25.26,0.19,111.65,5.0,126.8,125.2,9.56,12.6,-12.58,-4.79
7,W,123,117,10,7,24,False,100.96,0.5,13.11,27.25,0.15,106.23,100.96,0.51,11.05,25.26,0.19,111.65,-3.0,107.6,113.8,13.78,7.8,-11.22,-13.9
2,W,131,118,12,8,24,False,100.96,0.5,13.11,27.25,0.15,106.23,100.96,0.51,11.05,25.26,0.19,111.65,2.0,112.8,106.8,13.78,11.58,-11.07,-9.24
12,L,99,119,13,10,24,False,100.96,0.5,13.11,27.25,0.15,106.23,100.96,0.51,11.05,25.26,0.19,111.65,-1.0,130.6,128.0,13.78,12.6,-11.27,-6.81
27,W,125,104,14,9,24,False,100.96,0.5,13.11,27.25,0.15,106.23,100.96,0.51,11.05,25.26,0.19,111.65,1.0,122.8,119.0,4.83,-1.42,-9.18,-11.55
28,W,143,131,15,9,24,False,100.96,0.5,13.11,27.25,0.15,106.23,100.96,0.51,11.05,25.26,0.19,111.65,3.0,121.2,114.5,13.78,3.81,-10.28,-13.05
1,L,119,144,16,11,24,False,100.96,0.5,13.11,27.25,0.15,106.23,100.96,0.51,11.05,25.26,0.19,111.65,-2.0,96.2,127.0,13.78,12.44,-9.69,-16.8
17,L,98,110,17,12,24,False,100.96,0.5,13.11,27.25,0.15,106.23,100.96,0.51,11.05,25.26,0.19,111.65,1.0,120.2,119.2,13.78,9.57,-14.09,-15.12
0,W,117,110,17,12,24,False,100.96,0.5,13.11,27.25,0.15,106.23,100.96,0.51,11.05,25.26,0.19,111.65,-1.0,107.2,116.0,13.78,12.35,-11.42,-14.72
14,W,123,92,18,12,24,False,100.96,0.5,13.11,27.25,0.15,106.23,100.96,0.51,11.05,25.26,0.19,111.65,1.0,113.2,115.8,12.37,14.88,-10.72,-4.39
4,L,104,111,19,14,24,False,100.96,0.5,13.11,27.25,0.15,106.23,100.96,0.51,11.05,25.26,0.19,111.65,-1.0,124.2,116.8,12.37,2.67,-10.72,-8.96
26,W,135,130,20,13,24,False,100.96,0.5,13.11,27.25,0.15,106.23,100.96,0.51,11.05,25.26,0.19,111.65,-1.0,102.2,117.0,12.37,13.49,-10.72,-7.48
8,W,131,110,21,14,24,False,100.96,0.5,13.11,27.25,0.15,106.23,100.96,0.51,11.05,25.26,0.19,111.65,2.0,129.8,120.5,13.78,3.05,-11.42,-2.75
4,W,123,98,22,14,24,False,100.96,0.5,13.11,27.25,0.15,106.23,100.96,0.51,11.05,25.26,0.19,111.65,-1.0,120.2,115.6,13.78,5.36,-10.89,-18.12
16,L,142,143,23,17,24,False,100.96,0.5,13.11,27.25,0.15,106.23,100.96,0.51,11.05,25.26,0.19,111.65,-1.0,122.5,131.8,13.78,3.92,-11.42,-14.93
11,L,121,126,23,19,24,False,100.96,0.5,13.11,27.25,0.15,106.23,100.96,0.51,11.05,25.26,0.19,111.65,-1.0,110.5,106.0,13.78,0.01,-11.42,-15.0
0,W,122,107,23,18,24,False,100.96,0.5,13.11,27.25,0.15,106.23,100.96,0.51,11.05,25.26,0.19,111.65,1.0,109.2,114.8,13.78,8.84,-9.28,-17.75
9,W,134,133,24,18,24,False,100.96,0.5,13.11,27.25,0.15,106.23,100.96,0.51,11.05,25.26,0.19,111.65,2.0,111.4,113.2,13.78,7.6,-11.98,-13.12
6,W,120,115,25,18,24,False,100.96,0.5,13.11,27.25,0.15,106.23,100.96,0.51,11.05,25.26,0.19,111.65,6.0,121.6,120.0,13.78,8.41,-10.58,-14.23
14,W,103,94,26,18,24,False,100.96,0.5,13.11,27.25,0.15,106.23,100.96,0.51,11.05,25.26,0.19,111.65,2.0,117.4,108.8,13.78,-0.67,-10.58,-12.79
15,L,106,115,27,20,24,False,100.96,0.5,13.11,27.25,0.15,106.23,100.96,0.51,11.05,25.26,0.19,111.65,-1.0,110.2,114.8,13.78,16.14,-10.58,-10.03
11,W,133,122,27,19,24,False,100.96,0.5,13.11,27.25,0.15,106.23,100.96,0.51,11.05,25.26,0.19,111.65,-4.0,112.6,110.0,13.78,-0.37,-10.58,-8.04
3,W,123,115,28,19,24,False,100.96,0.5,13.11,27.25,0.15,106.23,100.96,0.51,11.05,25.26,0.19,111.65,1.0,114.2,110.8,13.78,3.88,-10.58,-14.41
5,L,110,136,29,21,24,False,100.96,0.5,13.11,27.25,0.15,106.23,100.96,0.51,11.05,25.26,0.19,111.65,3.0,115.2,112.2,13.78,15.82,-10.58,-8.87
8,L,120,133,29,22,24,False,100.96,0.5,13.11,27.25,0.15,106.23,100.96,0.51,11.05,25.26,0.19,111.65,1.0,130.0,118.4,13.78,-1.37,-9.68,-1.9
7,W,135,106,29,21,24,False,100.96,0.5,13.11,27.25,0.15,106.23,100.96,0.51,11.05,25.26,0.19,111.65,1.0,110.2,114.2,13.78,4.56,-10.62,-10.41
7,W,102,98,30,23,24,False,100.96,0.5,13.11,27.25,0.15,106.23,100.96,0.51,11.05,25.26,0.19,111.65,1.0,117.2,114.2,13.78,2.85,-10.54,-15.02
25,W,127,122,31,23,24,False,100.96,0.5,13.11,27.25,0.15,106.23,100.96,0.51,11.05,25.26,0.19,111.65,5.0,128.8,120.4,13.78,2.52,-9.88,-7.18
12,W,123,107,32,23,24,False,100.96,0.5,13.11,27.25,0.15,106.23,100.96,0.51,11.05,25.26,0.19,111.65,-1.0,128.6,129.6,13.78,7.36,-8.85,-6.2
15,L,110,121,33,25,24,False,100.96,0.5,13.11,27.25,0.15,106.23,100.96,0.51,11.05,25.26,0.19,111.65,-1.0,109.4,114.8,13.78,-2.76,-10.54,-8.38
7,L,96,117,33,26,24,False,100.96,0.5,13.11,27.25,0.15,106.23,100.96,0.51,11.05,25.26,0.19,111.65,1.0,116.4,111.2,5.08,11.96,-9.82,-14.31
17,W,124,120,33,25,24,False,100.96,0.5,13.11,27.25,0.15,106.23,100.96,0.51,11.05,25.26,0.19,111.65,-1.0,117.8,117.8,4.83,12.95,-9.74,-16.81
3,L,109,113,34,27,24,False,100.96,0.5,13.11,27.25,0.15,106.23,100.96,0.51,11.05,25.26,0.19,111.65,2.0,116.0,111.6,13.78,3.88,-10.6,-17.06
13,W,130,120,34,26,24,False,100.96,0.5,13.11,27.25,0.15,106.23,100.96,0.51,11.05,25.26,0.19,111.65,4.0,128.2,120.8,13.78,15.44,-9.96,-12.11
25,W,131,129,35,26,24,False,100.96,0.5,13.11,27.25,0.15,106.23,100.96,0.51,11.05,25.26,0.19,111.65,2.0,128.2,122.4,13.78,0.89,-11.98,-11.59
10,L,104,112,36,28,24,False,100.96,0.5,13.11,27.25,0.15,106.23,100.96,0.51,11.05,25.26,0.19,111.65,-3.0,119.0,118.2,13.78,15.29,-9.96,-15.32
16,W,129,94,36,27,24,False,100.96,0.5,13.11,27.25,0.15,106.23,100.96,0.51,11.05,25.26,0.19,111.65,-2.0,126.4,134.0,9.16,7.6,-13.21,-13.03
13,W,120,107,37,27,24,False,100.96,0.5,13.11,27.25,0.15,106.23,100.96,0.51,11.05,25.26,0.19,111.65,1.0,127.4,120.8,11.97,15.44,-13.94,-11.78
14,W,121,111,38,28,24,False,100.96,0.5,13.11,27.25,0.15,106.23,100.96,0.51,11.05,25.26,0.19,111.65,4.0,116.0,102.6,13.78,0.47,-12.72,-11.7
26,W,123,89,39,28,24,False,100.96,0.5,13.11,27.25,0.15,106.23,100.96,0.51,11.05,25.26,0.19,111.65,2.0,108.8,119.6,11.97,-4.26,-13.09,-17.27
28,L,102,109,40,30,24,False,100.96,0.5,13.11,27.25,0.15,106.23,100.96,0.51,11.05,25.26,0.19,111.65,3.0,125.6,117.8,11.97,-0.02,-13.09,-18.39
6,L,96,132,42,31,24,False,100.96,0.5,13.11,27.25,0.15,106.23,100.96,0.51,11.05,25.26,0.19,111.65,3.0,123.0,120.2,11.97,12.97,-12.83,-8.16
6,L,103,107,42,32,24,False,100.96,0.5,13.11,27.25,0.15,106.23,100.96,0.51,11.05,25.26,0.19,111.65,-1.0,119.4,122.2,11.97,12.97,-11.45,-9.55
27,W,127,106,42,31,24,False,100.96,0.5,13.11,27.25,0.15,106.23,100.96,0.51,11.05,25.26,0.19,111.65,2.0,122.6,114.8,11.97,-8.9,-12.59,-14.76
12,W,109,95,43,31,24,False,100.96,0.5,13.11,27.25,0.15,106.23,100.96,0.51,11.05,25.26,0.19,111.65,3.0,128.6,131.8,11.97,8.5,-14.37,-9.59
1,L,100,101,44,34,24,False,100.96,0.5,13.11,27.25,0.15,106.23,100.96,0.51,11.05,25.26,0.19,111.65,-1.0,100.8,130.4,11.97,10.96,-12.36,-10.6
2,W,107,77,44,33,24,False,100.96,0.5,13.11,27.25,0.15,106.23,100.96,0.51,11.05,25.26,0.19,111.65,2.0,116.4,109.0,11.97,4.03,-12.36,-0.87
9,W,118,94,46,36,24,False,100.96,0.5,13.11,27.25,0.15,106.23,100.96,0.51,11.05,25.26,0.19,111.65,2.0,114.6,120.0,11.97,5.51,-12.36,-9.12
6,L,119,126,0,2,25,False,102.72,0.5,12.78,20.66,0.11,100.76,102.72,0.54,15.68,18.98,0.12,103.88,1.0,125.4,130.4,2.74,12.15,-9.18,-9.22
10,W,126,122,0,1,25,False,102.12,0.51,13.6,21.65,0.1,101.61,102.12,0.56,15.24,19.18,0.12,107.06,-2.0,117.0,119.6,9.87,10.57,-9.51,-4.5
12,L,83,123,1,3,25,False,103.17,0.51,13.58,21.3,0.1,101.51,103.17,0.56,15.86,19.09,0.14,107.01,-4.0,106.0,119.0,7.34,7.95,-9.82,-6.63
26,L,116,123,3,4,25,False,102.68,0.51,13.89,20.48,0.1,101.06,102.68,0.57,17.0,19.45,0.13,106.97,-10.0,101.5,125.8,5.05,13.59,-13.28,-14.13
11,L,111,152,3,5,25,False,102.4,0.51,14.41,20.32,0.11,99.95,102.4,0.56,16.56,19.34,0.11,105.12,2.0,118.2,120.8,5.05,7.26,-13.47,-7.53
17,L,110,117,3,7,25,False,102.62,0.51,13.65,20.88,0.1,100.98,102.62,0.56,16.07,19.21,0.12,106.01,-1.0,119.2,123.2,9.7,12.95,-13.14,-10.9
15,L,113,118,3,8,25,False,102.62,0.51,13.65,20.88,0.1,100.98,102.62,0.56,16.07,19.21,0.12,106.01,-2.0,110.0,116.8,9.7,4.5,-14.41,-10.29
14,L,108,120,3,11,25,False,102.62,0.51,13.65,20.88,0.1,100.98,102.62,0.56,16.07,19.21,0.12,106.01,-2.0,119.0,123.6,2.57,2.25,-12.72,-9.07
12,L,99,124,3,12,25,False,102.62,0.51,13.65,20.88,0.1,100.98,102.62,0.56,16.07,19.21,0.12,106.01,-1.0,102.4,124.8,2.57,12.6,-11.56,-5.89
12,L,102,109,3,13,25,False,102.62,0.51,13.65,20.88,0.1,100.98,102.62,0.56,16.07,19.21,0.12,106.01,-9.0,101.0,127.0,5.05,12.6,-11.18,-7.04
9,L,112,118,3,14,25,False,102.62,0.51,13.65,20.88,0.1,100.98,102.62,0.56,16.07,19.21,0.12,106.01,-6.0,105.4,122.8,5.05,7.48,-8.47,-7.87
7,L,120,132,3,15,25,False,102.62,0.51,13.65,20.88,0.1,100.98,102.62,0.56,16.07,19.21,0.12,106.01,1.0,113.2,117.0,5.05,2.63,-8.47,-15.85
0,L,135,137,3,16,25,False,102.62,0.51,13.65,20.88,0.1,100.98,102.62,0.56,16.07,19.21,0.12,106.01,1.0,118.5,122.0,5.05,13.1,-11.27,-13.92
17,L,94,102,3,18,25,False,102.62,0.51,13.65,20.88,0.1,100.98,102.62,0.56,16.07,19.21,0.12,106.01,-4.0,117.0,121.2,9.33,10.05,-11.26,-13.32
3,L,112,121,3,19,25,False,102.62,0.51,13.65,20.88,0.1,100.98,102.62,0.56,16.07,19.21,0.12,106.01,-9.0,118.2,123.5,6.3,4.87,-12.18,-16.9
10,L,82,93,3,20,25,False,102.62,0.51,13.65,20.88,0.1,100.98,102.62,0.56,16.07,19.21,0.12,106.01,1.0,117.6,120.0,6.3,15.29,-10.28,-12.89
13,L,119,122,3,21,25,False,102.62,0.51,13.65,20.88,0.1,100.98,102.62,0.56,16.07,19.21,0.12,106.01,-3.0,109.0,118.8,6.3,7.22,-10.28,-7.04
13,W,129,115,3,20,25,False,102.62,0.51,13.65,20.88,0.1,100.98,102.62,0.56,16.07,19.21,0.12,106.01,-18.0,109.4,121.2,6.3,-0.34,-10.28,-2.68
16,L,119,132,4,23,25,False,102.62,0.51,13.65,20.88,0.1,100.98,102.62,0.56,16.07,19.21,0.12,106.01,-2.0,104.5,109.2,4.67,7.56,-12.81,-14.82
3,L,95,114,4,24,25,False,102.62,0.51,13.65,20.88,0.1,100.98,102.62,0.56,16.07,19.21,0.12,106.01,-16.0,117.0,123.0,6.3,4.87,-9.0,-16.9
6,L,119,144,4,25,25,False,102.62,0.51,13.65,20.88,0.1,100.98,102.62,0.56,16.07,19.21,0.12,106.01,-1.0,125.2,129.6,-1.88,7.42,-7.47,-16.44
27,L,118,130,4,26,25,False,102.62,0.51,13.65,20.88,0.1,100.98,102.62,0.56,16.07,19.21,0.12,106.01,-5.0,110.2,112.8,-0.25,3.58,-7.93,-8.58
1,L,101,134,5,28,25,False,102.62,0.51,13.65,20.88,0.1,100.98,102.62,0.56,16.07,19.21,0.12,106.01,-4.0,101.0,110.8,-0.25,17.2,-14.09,-15.5
14,L,98,106,5,29,25,False,102.62,0.51,13.65,20.88,0.1,100.98,102.62,0.56,16.07,19.21,0.12,106.01,-8.0,118.4,125.2,-0.25,14.88,-11.56,-4.39
16,L,121,125,5,30,25,False,102.62,0.51,13.65,20.88,0.1,100.98,102.62,0.56,16.07,19.21,0.12,106.01,-2.0,107.4,113.8,2.52,7.56,-13.07,-16.62
5,L,115,117,5,31,25,False,102.62,0.51,13.65,20.88,0.1,100.98,102.62,0.56,16.07,19.21,0.12,106.01,-13.0,105.5,111.8,2.52,9.1,-13.1,-13.44
8,W,130,108,5,30,25,False,102.62,0.51,13.65,20.88,0.1,100.98,102.62,0.56,16.07,19.21,0.12,106.01,-11.0,128.0,118.2,2.52,3.05,-13.1,-2.75
4,W,135,99,6,30,25,False,102.62,0.51,13.65,20.88,0.1,100.98,102.62,0.56,16.07,19.21,0.12,106.01,-14.0,111.0,125.8,2.52,9.83,-13.16,-15.53
3,L,116,122,7,32,25,False,102.62,0.51,13.65,20.88,0.1,100.98,102.62,0.56,16.07,19.21,0.12,106.01,-3.0,109.8,121.4,-5.28,10.52,-11.51,-14.44
0,L,99,109,7,33,25,False,102.62,0.51,13.65,20.88,0.1,100.98,102.62,0.56,16.07,19.21,0.12,106.01,-13.0,121.8,125.0,2.52,12.35,-13.01,-15.07
1,L,98,117,7,34,25,False,102.62,0.51,13.65,20.88,0.1,100.98,102.62,0.56,16.07,19.21,0.12,106.01,-2.0,101.0,115.4,2.52,10.52,-13.01,-16.7
4,L,120,124,7,35,25,False,102.62,0.51,13.65,20.88,0.1,100.98,102.62,0.56,16.07,19.21,0.12,106.01,2.0,115.8,120.4,0.89,14.39,-12.83,-16.55
28,W,131,127,7,34,25,False,102.62,0.51,13.65,20.88,0.1,100.98,102.62,0.56,16.07,19.21,0.12,106.01,-3.0,125.8,128.8,2.52,4.8,-10.79,-12.68
17,W,113,112,9,36,25,False,102.62,0.51,13.65,20.88,0.1,100.98,102.62,0.56,16.07,19.21,0.12,106.01,-15.0,112.8,120.4,2.52,9.31,-11.8,-12.7
28,L,113,118,10,38,25,False,102.62,0.51,13.65,20.88,0.1,100.98,102.62,0.56,16.07,19.21,0.12,106.01,1.0,126.8,128.4,2.52,3.81,-10.15,-5.62
5,L,101,117,10,41,25,False,102.62,0.51,13.65,20.88,0.1,100.98,102.62,0.56,16.07,19.21,0.12,106.01,-5.0,107.4,112.8,2.52,15.82,-7.94,-8.87
15,L,104,116,10,42,25,False,102.62,0.51,13.65,20.88,0.1,100.98,102.62,0.56,16.07,19.21,0.12,106.01,-5.0,110.6,117.0,2.52,14.23,-7.94,-8.11
2,L,103,123,10,44,25,False,102.62,0.51,13.65,20.88,0.1,100.98,102.62,0.56,16.07,19.21,0.12,106.01,1.0,107.5,118.8,2.52,10.88,-9.18,-5.77
26,W,122,99,10,43,25,False,102.62,0.51,13.65,20.88,0.1,100.98,102.62,0.56,16.07,19.21,0.12,106.01,-1.0,104.4,125.2,2.52,10.12,-7.18,-11.08
6,L,93,116,11,45,25,False,102.62,0.51,13.65,20.88,0.1,100.98,102.62,0.56,16.07,19.21,0.12,106.01,-4.0,124.0,133.2,2.52,14.15,-7.18,-9.84
13,L,118,123,11,47,25,False,102.62,0.51,13.65,20.88,0.1,100.98,102.62,0.56,16.07,19.21,0.12,106.01,1.0,116.8,119.6,2.52,15.44,-7.18,-13.16
27,L,109,128,11,48,25,False,102.62,0.51,13.65,20.88,0.1,100.98,102.62,0.56,16.07,19.21,0.12,106.01,-5.0,113.0,118.4,2.52,3.08,-7.18,-12.43
17,L,105,114,11,49,25,False,102.62,0.51,13.65,20.88,0.1,100.98,102.62,0.56,16.07,19.21,0.12,106.01,2.0,111.0,116.0,2.52,9.57,-7.18,-17.08
11,W,117,105,12,48,25,False,102.62,0.51,13.65,20.88,0.1,100.98,102.62,0.56,16.07,19.21,0.12,106.01,-2.0,116.8,127.0,5.0,10.67,-10.64,-12.52
10,L,101,114,13,50,25,False,102.62,0.51,13.65,20.88,0.1,100.98,102.62,0.56,16.07,19.21,0.12,106.01,-17.0,110.4,116.8,2.52,15.29,-9.18,-15.32
9,W,126,113,13,50,25,False,102.62,0.51,13.65,20.88,0.1,100.98,102.62,0.56,16.07,19.21,0.12,106.01,-11.0,105.8,124.8,-3.76,-4.19,-9.38,-6.58
9,L,102,112,14,52,25,False,102.62,0.51,13.65,20.88,0.1,100.98,102.62,0.56,16.07,19.21,0.12,106.01,1.0,112.2,127.4,2.52,4.84,-10.27,-11.07
10,L,101,103,14,53,25,False,102.62,0.51,13.65,20.88,0.1,100.98,102.62,0.56,16.07,19.21,0.12,106.01,-1.0,105.8,118.6,2.52,9.44,-13.82,-15.33
7,L,106,117,14,54,25,False,102.62,0.51,13.65,20.88,0.1,100.98,102.62,0.56,16.07,19.21,0.12,106.01,-12.0,114.8,118.0,2.52,11.96,-6.89,-12.22
2,W,122,115,14,53,25,False,102.62,0.51,13.65,20.88,0.1,100.98,102.62,0.56,16.07,19.21,0.12,106.01,-7.0,106.6,119.6,2.52,13.11,-10.5,-7.2
6,L,107,113,15,55,25,False,102.62,0.51,13.65,20.88,0.1,100.98,102.62,0.56,16.07,19.21,0.12,106.01,-1.0,119.4,128.0,2.52,12.97,-11.59,-9.55
14,L,97,99,15,56,25,False,102.62,0.51,13.65,20.88,0.1,100.98,102.62,0.56,16.07,19.21,0.12,106.01,-3.0,113.6,121.6,2.52,-4.76,-9.18,-8.41
27,W,118,111,16,56,25,False,102.62,0.51,13.65,20.88,0.1,100.98,102.62,0.56,16.07,19.21,0.12,106.01,-4.0,109.6,119.6,2.52,3.08,-13.19,-15.06
9,L,113,117,18,58,25,False,102.62,0.51,13.65,20.88,0.1,100.98,102.62,0.56,16.07,19.21,0.12,106.01,-1.0,113.6,123.4,-2.5,5.51,-8.26,-8.61
7,L,105,110,18,59,25,False,102.62,0.51,13.65,20.88,0.1,100.98,102.62,0.56,16.07,19.21,0.12,106.01,-3.0,112.8,122.0,-2.5,7.8,-8.26,-16.02
14,W,102,87,19,59,25,False,102.62,0.51,13.65,20.88,0.1,100.98,102.62,0.56,16.07,19.21,0.12,106.01,-2.0,110.4,117.2,-5.75,-9.09,-6.89,-5.03
7,W,121,120,20,60,25,False,102.62,0.51,13.65,20.88,0.1,100.98,102.62,0.56,16.07,19.21,0.12,106.01,-2.0,113.6,118.8,-8.6,11.96,-10.91,-13.99
8,W,123,95,21,60,25,False,102.62,0.51,13.65,20.88,0.1,100.98,102.62,0.56,16.07,19.21,0.12,106.01,1.0,128.4,116.2,-10.23,-14.88,-14.2,-9.36
17,W,97,94,0,0,26,False,98.12,0.47,12.96,32.36,0.18,106.08,98.12,0.51,16.68,20.38,0.19,101.14,3.0,119.0,107.0,11.47,9.17,-5.07,-14.96
3,L,103,104,1,2,26,False,98.02,0.46,13.55,32.03,0.19,103.36,98.02,0.5,15.82,19.16,0.19,101.07,-1.0,103.6,107.0,11.99,8.29,-5.43,-8.12
16,W,130,111,1,3,26,False,98.35,0.44,12.54,31.42,0.19,101.63,98.35,0.49,16.48,20.43,0.18,98.26,1.0,111.6,110.6,11.29,12.84,-12.13,-10.26
6,W,127,116,3,4,26,False,99.38,0.44,12.81,33.12,0.19,101.57,99.38,0.49,18.12,19.41,0.18,95.81,1.0,102.0,104.0,13.59,11.14,-13.93,-8.11
1,L,94,117,4,6,26,False,99.63,0.43,13.39,31.83,0.18,98.45,99.63,0.49,17.26,19.22,0.2,98.06,-2.0,104.8,110.4,13.59,20.85,-15.01,-14.09
28,W,111,107,4,5,26,False,98.7,0.45,13.05,32.15,0.19,102.22,98.7,0.5,16.87,19.72,0.19,98.87,2.0,109.8,105.4,9.26,3.81,-15.66,-13.53
16,L,112,128,5,7,26,False,98.7,0.45,13.05,32.15,0.19,102.22,98.7,0.5,16.87,19.72,0.19,98.87,1.0,117.0,113.6,9.07,-0.63,-15.54,-14.41
1,L,105,108,5,8,26,False,98.7,0.45,13.05,32.15,0.19,102.22,98.7,0.5,16.87,19.72,0.19,98.87,-1.0,100.6,111.4,11.72,20.85,-10.98,-15.11
8,W,142,113,5,7,26,False,98.7,0.45,13.05,32.15,0.19,102.22,98.7,0.5,16.87,19.72,0.19,98.87,1.0,110.6,105.0,13.59,6.09,-13.45,-5.66
11,W,132,131,6,8,26,False,98.7,0.45,13.05,32.15,0.19,102.22,98.7,0.5,16.87,19.72,0.19,98.87,-2.0,112.0,112.6,13.59,7.97,-13.36,-8.77
3,W,121,108,7,8,26,False,98.7,0.45,13.05,32.15,0.19,102.22,98.7,0.5,16.87,19.72,0.19,98.87,-1.0,104.4,105.2,13.59,10.52,-13.53,-15.52
5,L,102,105,8,10,26,False,98.7,0.45,13.05,32.15,0.19,102.22,98.7,0.5,16.87,19.72,0.19,98.87,-1.0,107.2,104.4,13.59,15.82,-13.69,-9.7
2,L,103,115,8,11,26,False,98.7,0.45,13.05,32.15,0.19,102.22,98.7,0.5,16.87,19.72,0.19,98.87,-4.0,106.6,112.4,13.59,8.78,-13.69,-9.82
15,L,103,112,9,13,26,False,98.7,0.45,13.05,32.15,0.19,102.22,98.7,0.5,16.87,19.72,0.19,98.87,3.0,106.8,102.4,13.59,-1.57,-13.69,-8.4
4,L,116,119,9,14,26,False,98.7,0.45,13.05,32.15,0.19,102.22,98.7,0.5,16.87,19.72,0.19,98.87,2.0,119.4,113.4,13.59,13.84,-13.69,-7.81
0,W,135,128,9,14,26,False,98.7,0.45,13.05,32.15,0.19,102.22,98.7,0.5,16.87,19.72,0.19,98.87,-1.0,116.4,116.4,13.59,6.77,-13.53,-11.68
0,L,104,125,10,16,26,False,98.7,0.45,13.05,32.15,0.19,102.22,98.7,0.5,16.87,19.72,0.19,98.87,1.0,123.4,116.6,13.59,10.91,-13.53,-15.13
4,W,114,99,10,15,26,False,98.7,0.45,13.05,32.15,0.19,102.22,98.7,0.5,16.87,19.72,0.19,98.87,-3.0,124.0,112.2,13.59,3.79,-13.6,-16.21
7,L,104,113,11,17,26,False,98.7,0.45,13.05,32.15,0.19,102.22,98.7,0.5,16.87,19.72,0.19,98.87,1.0,118.5,113.2,13.59,11.96,-13.6,-11.27
27,L,119,126,11,19,26,False,98.7,0.45,13.05,32.15,0.19,102.22,98.7,0.5,16.87,19.72,0.19,98.87,-1.0,117.2,120.0,13.59,3.58,-13.6,-10.79
28,W,132,102,11,18,26,False,98.7,0.45,13.05,32.15,0.19,102.22,98.7,0.5,16.87,19.72,0.19,98.87,1.0,111.6,108.8,10.8,3.81,-10.79,-12.29
1,L,118,120,12,20,26,False,98.7,0.45,13.05,32.15,0.19,102.22,98.7,0.5,16.87,19.72,0.19,98.87,-2.0,99.6,109.8,10.8,5.92,-10.75,-9.49
8,L,127,129,12,21,26,False,98.7,0.45,13.05,32.15,0.19,102.22,98.7,0.5,16.87,19.72,0.19,98.87,1.0,117.8,106.0,11.72,8.11,-16.59,-1.82
5,W,124,121,12,20,26,False,98.7,0.45,13.05,32.15,0.19,102.22,98.7,0.5,16.87,19.72,0.19,98.87,-1.0,104.2,104.6,13.49,9.1,-10.45,-12.88
14,W,116,111,13,20,26,False,98.7,0.45,13.05,32.15,0.19,102.22,98.7,0.5,16.87,19.72,0.19,98.87,2.0,107.2,108.2,13.49,14.73,-9.9,-2.66
9,W,133,118,14,21,26,False,98.7,0.45,13.05,32.15,0.19,102.22,98.7,0.5,16.87,19.72,0.19,98.87,-1.0,112.5,118.5,13.49,4.94,-10.55,-11.14
13,L,131,132,15,23,26,False,98.7,0.45,13.05,32.15,0.19,102.22,98.7,0.5,16.87,19.72,0.19,98.87,-3.0,118.8,116.5,8.59,10.06,-9.26,-12.74
12,L,120,126,15,24,26,False,98.7,0.45,13.05,32.15,0.19,102.22,98.7,0.5,16.87,19.72,0.19,98.87,-2.0,108.0,110.0,8.01,12.6,-9.04,-6.5
27,L,113,145,15,25,26,False,98.7,0.45,13.05,32.15,0.19,102.22,98.7,0.5,16.87,19.72,0.19,98.87,-3.0,117.6,121.2,8.59,0.68,-9.11,-10.01
1,L,96,105,15,26,26,False,98.7,0.45,13.05,32.15,0.19,102.22,98.7,0.5,16.87,19.72,0.19,98.87,-1.0,102.4,112.6,10.17,15.59,-12.09,-15.5
15,W,121,97,15,25,26,False,98.7,0.45,13.05,32.15,0.19,102.22,98.7,0.5,16.87,19.72,0.19,98.87,-2.0,105.6,102.0,6.8,9.44,-12.11,-8.21
3,L,110,116,16,27,26,False,98.7,0.45,13.05,32.15,0.19,102.22,98.7,0.5,16.87,19.72,0.19,98.87,2.0,106.0,106.0,6.8,10.52,-8.62,-14.44
14,L,100,108,16,29,26,False,98.7,0.45,13.05,32.15,0.19,102.22,98.7,0.5,16.87,19.72,0.19,98.87,2.0,109.0,108.8,6.8,-2.72,-10.16,-9.08
12,L,107,127,16,30,26,False,98.7,0.45,13.05,32.15,0.19,102.22,98.7,0.5,16.87,19.72,0.19,98.87,-2.0,110.4,113.2,5.19,9.88,-9.71,-4.24
0,L,125,126,16,31,26,False,98.7,0.45,13.05,32.15,0.19,102.22,98.7,0.5,16.87,19.72,0.19,98.87,-1.0,120.6,120.0,4.62,8.65,-14.52,-10.73
3,W,118,107,16,30,26,False,98.7,0.45,13.05,32.15,0.19,102.22,98.7,0.5,16.87,19.72,0.19,98.87,-1.0,108.6,107.0,4.62,3.88,-14.52,-16.59
10,L,106,135,17,32,26,False,98.7,0.45,13.05,32.15,0.19,102.22,98.7,0.5,16.87,19.72,0.19,98.87,1.0,122.2,113.8,7.93,15.29,-11.83,-16.21
4,W,123,117,17,33,26,False,98.7,0.45,13.05,32.15,0.19,102.22,98.7,0.5,16.87,19.72,0.19,98.87,1.0,120.4,108.0,10.12,-1.61,-11.34,-12.0
10,W,107,104,18,33,26,False,98.7,0.45,13.05,32.15,0.19,102.22,98.7,0.5,16.87,19.72,0.19,98.87,-1.0,119.0,118.0,10.12,9.26,-12.53,-16.73
5,L,95,119,19,35,26,False,98.7,0.45,13.05,32.15,0.19,102.22,98.7,0.5,16.87,19.72,0.19,98.87,1.0,107.4,107.8,10.12,15.82,-10.03,-8.75
11,L,125,127,19,37,26,False,98.7,0.45,13.05,32.15,0.19,102.22,98.7,0.5,16.87,19.72,0.19,98.87,1.0,119.0,116.0,10.12,6.2,-11.14,-10.73
2,W,121,93,19,36,26,False,98.7,0.45,13.05,32.15,0.19,102.22,98.7,0.5,16.87,19.72,0.19,98.87,-2.0,105.4,113.8,10.12,10.88,-10.66,-3.5
0,W,123,121,20,36,26,False,98.7,0.45,13.05,32.15,0.19,102.22,98.7,0.5,16.87,19.72,0.19,98.87,-5.0,117.8,123.4,4.57,12.35,-8.71,-9.38
11,W,130,122,21,36,26,False,98.7,0.45,13.05,32.15,0.19,102.22,98.7,0.5,16.87,19.72,0.19,98.87,-3.0,117.8,123.2,10.12,9.82,-8.86,-13.9
6,L,125,136,22,38,26,False,98.7,0.45,13.05,32.15,0.19,102.22,98.7,0.5,16.87,19.72,0.19,98.87,2.0,107.0,106.4,10.12,14.93,-8.69,-10.37
9,L,105,120,22,39,26,False,98.7,0.45,13.05,32.15,0.19,102.22,98.7,0.5,16.87,19.72,0.19,98.87,1.0,116.6,118.4,10.12,8.18,-10.53,-8.63
4,W,111,106,22,38,26,False,98.7,0.45,13.05,32.15,0.19,102.22,98.7,0.5,16.87,19.72,0.19,98.87,1.0,120.2,108.6,2.46,2.4,-15.29,-16.68
7,L,119,125,23,43,26,False,98.7,0.45,13.05,32.15,0.19,102.22,98.7,0.5,16.87,19.72,0.19,98.87,-1.0,115.6,113.2,-0.91,11.96,-15.01,-12.82
8,L,104,113,23,44,26,False,98.7,0.45,13.05,32.15,0.19,102.22,98.7,0.5,16.87,19.72,0.19,98.87,-2.0,120.2,109.6,-3.07,4.72,-15.01,-13.38
28,L,109,112,23,49,26,False,98.7,0.45,13.05,32.15,0.19,102.22,98.7,0.5,16.87,19.72,0.19,98.87,1.0,116.2,108.2,-7.56,-0.02,-13.77,-15.75
2,L,88,96,23,50,26,False,98.7,0.45,13.05,32.15,0.19,102.22,98.7,0.5,16.87,19.72,0.19,98.87,1.0,108.6,110.6,-9.22,4.59,-14.49,-5.07
13,L,111,128,23,53,26,False,98.7,0.45,13.05,32.15,0.19,102.22,98.7,0.5,16.87,19.72,0.19,98.87,-1.0,121.2,119.6,3.59,15.44,-15.5,-12.24
17,L,85,133,23,54,26,False,98.7,0.45,13.05,32.15,0.19,102.22,98.7,0.5,16.87,19.72,0.19,98.87,1.0,114.6,104.4,-12.02,6.95,-3.72,-18.05
16,W,117,111,23,53,26,False,98.7,0.45,13.05,32.15,0.19,102.22,98.7,0.5,16.87,19.72,0.19,98.87,-1.0,119.2,118.4,1.78,3.05,-8.57,-15.55
28,W,130,122,24,53,26,False,98.7,0.45,13.05,32.15,0.19,102.22,98.7,0.5,16.87,19.72,0.19,98.87,-10.0,116.4,106.8,1.78,-6.08,-13.58,-18.38
11,L,123,140,25,55,26,False,98.7,0.45,13.05,32.15,0.19,102.22,98.7,0.5,16.87,19.72,0.19,98.87,3.0,123.0,124.0,-3.21,10.67,-12.74,-14.27
2,L,102,106,25,56,26,False,98.7,0.45,13.05,32.15,0.19,102.22,98.7,0.5,16.87,19.72,0.19,98.87,-11.0,106.6,107.4,-12.16,8.48,-10.48,-7.72
15,L,103,125,25,57,26,False,98.7,0.45,13.05,32.15,0.19,102.22,98.7,0.5,16.87,19.72,0.19,98.87,1.0,108.0,99.0,2.43,7.92,-13.38,-12.15
15,L,103,118,25,58,26,False,98.7,0.45,13.05,32.15,0.19,102.22,98.7,0.5,16.87,19.72,0.19,98.87,-3.0,109.0,106.0,-9.22,7.92,-9.24,-12.15
12,W,120,118,0,1,27,False,98.82,0.55,14.94,23.34,0.26,114.66,98.82,0.47,9.7,18.1,0.2,101.46,2.0,118.0,111.8,7.98,6.81,-4.12,-6.89
7,L,102,110,1,4,27,False,99.28,0.54,14.79,23.43,0.27,113.55,99.28,0.47,9.88,19.4,0.18,101.43,1.0,112.0,110.4,6.68,13.92,-9.78,-10.27
14,W,133,109,1,3,27,False,100.7,0.54,15.15,24.43,0.25,113.06,100.7,0.47,9.86,18.08,0.21,101.12,-1.0,119.0,116.6,6.48,10.48,-8.97,-6.5
17,L,95,123,2,6,27,False,100.4,0.56,14.86,23.72,0.26,116.29,100.4,0.47,10.23,18.02,0.2,100.4,-3.0,118.0,127.6,6.5,12.85,-10.6,-12.15
3,L,113,130,2,7,27,False,99.96,0.56,14.45,23.2,0.26,115.77,99.96,0.49,10.37,17.36,0.2,102.74,-1.0,112.2,114.2,6.5,9.48,-10.59,-13.98
11,L,118,134,2,8,27,False,99.83,0.55,14.84,23.62,0.26,114.67,99.83,0.47,10.01,18.19,0.2,101.43,1.0,118.8,118.0,3.34,7.26,-9.37,-7.54
14,W,127,121,2,7,27,False,99.83,0.55,14.84,23.62,0.26,114.67,99.83,0.47,10.01,18.19,0.2,101.43,1.0,121.4,115.4,3.34,2.64,-9.37,-7.27
13,L,99,131,4,11,27,False,99.83,0.55,14.84,23.62,0.26,114.67,99.83,0.47,10.01,18.19,0.2,101.43,-1.0,128.2,120.8,3.34,13.25,-10.27,-5.3
14,L,91,105,6,13,27,False,99.83,0.55,14.84,23.62,0.26,114.67,99.83,0.47,10.01,18.19,0.2,101.43,1.0,122.0,115.0,-5.1,4.89,-9.09,-9.09
17,L,90,101,6,14,27,False,99.83,0.55,14.84,23.62,0.26,114.67,99.83,0.47,10.01,18.19,0.2,101.43,-2.0,115.8,127.0,-9.47,0.52,-9.12,-13.67
6,L,97,147,7,15,27,False,99.83,0.55,14.84,23.62,0.26,114.67,99.83,0.47,10.01,18.19,0.2,101.43,-4.0,106.2,109.0,-9.47,6.99,-8.16,-13.23
12,L,103,117,7,16,27,False,99.83,0.55,14.84,23.62,0.26,114.67,99.83,0.47,10.01,18.19,0.2,101.43,1.0,119.0,111.2,-1.92,12.6,-10.5,-4.46
2,W,125,108,9,17,27,False,99.83,0.55,14.84,23.62,0.26,114.67,99.83,0.47,10.01,18.19,0.2,101.43,-2.0,111.8,111.0,0.38,11.58,-8.39,-7.73
5,L,116,124,10,19,27,False,99.83,0.55,14.84,23.62,0.26,114.67,99.83,0.47,10.01,18.19,0.2,101.43,1.0,103.8,113.8,0.38,-1.65,-10.48,-13.85
8,W,119,111,10,18,27,False,99.83,0.55,14.84,23.62,0.26,114.67,99.83,0.47,10.01,18.19,0.2,101.43,1.0,117.2,115.8,-3.97,8.55,-13.67,-5.04
15,W,117,109,13,19,27,False,99.83,0.55,14.84,23.62,0.26,114.67,99.83,0.47,10.01,18.19,0.2,101.43,-1.0,114.5,118.5,0.68,6.71,-7.84,-6.94
6,W,127,90,14,19,27,False,99.83,0.55,14.84,23.62,0.26,114.67,99.83,0.47,10.01,18.19,0.2,101.43,-1.0,106.4,118.8,0.68,6.99,-7.84,-8.39
8,W,154,148,15,19,27,False,99.83,0.55,14.84,23.62,0.26,114.67,99.83,0.47,10.01,18.19,0.2,101.43,1.0,117.6,114.8,0.68,7.4,-9.99,-4.39
1,L,97,126,16,21,27,False,99.83,0.55,14.84,23.62,0.26,114.67,99.83,0.47,10.01,18.19,0.2,101.43,-1.0,116.5,123.5,0.68,20.85,-7.84,-15.5
16,W,132,116,17,20,27,False,99.83,0.55,14.84,23.62,0.26,114.67,99.83,0.47,10.01,18.19,0.2,101.43,-2.0,107.8,119.8,0.68,-0.3,-7.84,-15.99
7,W,124,111,18,20,27,False,99.83,0.55,14.84,23.62,0.26,114.67,99.83,0.47,10.01,18.19,0.2,101.43,-2.0,110.8,111.6,0.68,11.96,-9.99,-13.62
13,W,132,125,20,20,27,False,99.83,0.55,14.84,23.62,0.26,114.67,99.83,0.47,10.01,18.19,0.2,101.43,-3.0,123.6,125.2,0.68,8.48,-7.84,-13.49
11,W,132,105,21,20,27,False,99.83,0.55,14.84,23.62,0.26,114.67,99.83,0.47,10.01,18.19,0.2,101.43,-4.0,118.6,121.2,0.68,1.27,-7.84,-14.66
10,L,126,127,22,23,27,False,99.83,0.55,14.84,23.62,0.26,114.67,99.83,0.47,10.01,18.19,0.2,101.43,1.0,123.0,111.4,0.68,15.29,-7.84,-14.71
28,W,123,108,22,23,27,False,99.83,0.55,14.84,23.62,0.26,114.67,99.83,0.47,10.01,18.19,0.2,101.43,2.0,114.5,110.0,0.68,3.81,-7.84,-11.21
4,W,134,122,23,23,27,False,99.83,0.55,14.84,23.62,0.26,114.67,99.83,0.47,10.01,18.19,0.2,101.43,2.0,113.0,105.5,0.68,-0.52,-7.84,-13.64
2,L,114,147,24,25,27,False,99.83,0.55,14.84,23.62,0.26,114.67,99.83,0.47,10.01,18.19,0.2,101.43,1.0,114.4,110.4,0.68,11.58,-7.84,-5.04
16,W,123,108,24,26,27,False,99.83,0.55,14.84,23.62,0.26,114.67,99.83,0.47,10.01,18.19,0.2,101.43,2.0,112.6,119.0,0.68,6.84,-7.84,-17.35
9,L,107,129,26,29,27,False,99.83,0.55,14.84,23.62,0.26,114.67,99.83,0.47,10.01,18.19,0.2,101.43,-2.0,113.4,112.0,4.51,9.01,-12.29,-10.63
13,L,122,138,26,30,27,False,99.83,0.55,14.84,23.62,0.26,114.67,99.83,0.47,10.01,18.19,0.2,101.43,5.0,124.0,127.0,4.51,10.34,-12.31,-12.1
9,L,137,140,26,31,27,False,99.83,0.55,14.84,23.62,0.26,114.67,99.83,0.47,10.01,18.19,0.2,101.43,-2.0,112.6,120.8,4.51,3.3,-12.31,-8.89
4,L,107,115,26,32,27,False,99.83,0.55,14.84,23.62,0.26,114.67,99.83,0.47,10.01,18.19,0.2,101.43,2.0,117.2,108.8,3.08,-0.29,-12.43,-12.01
0,L,97,124,27,33,27,False,99.83,0.55,14.84,23.62,0.26,114.67,99.83,0.47,10.01,18.19,0.2,101.43,-1.0,114.8,107.5,3.08,8.84,-11.46,-13.13
15,L,120,126,27,35,27,False,99.83,0.55,14.84,23.62,0.26,114.67,99.83,0.47,10.01,18.19,0.2,101.43,1.0,115.0,116.6,3.08,7.91,-15.64,-6.14
28,W,127,115,27,34,27,False,99.83,0.55,14.84,23.62,0.26,114.67,99.83,0.47,10.01,18.19,0.2,101.43,1.0,116.2,109.6,-5.68,2.25,-14.89,-10.87
3,L,117,119,28,36,27,False,99.83,0.55,14.84,23.62,0.26,114.67,99.83,0.47,10.01,18.19,0.2,101.43,-3.0,112.4,117.4,-9.82,3.88,-13.14,-17.11
7,L,121,142,28,37,27,False,99.83,0.55,14.84,23.62,0.26,114.67,99.83,0.47,10.01,18.19,0.2,101.43,3.0,111.0,113.4,-4.8,11.96,-11.49,-14.31
1,L,107,123,28,38,27,False,99.83,0.55,14.84,23.62,0.26,114.67,99.83,0.47,10.01,18.19,0.2,101.43,-1.0,112.6,124.0,-8.33,8.25,-11.48,-14.6
0,W,124,122,28,37,27,False,99.83,0.55,14.84,23.62,0.26,114.67,99.83,0.47,10.01,18.19,0.2,101.43,-1.0,111.2,110.8,-6.23,0.24,-14.95,-10.0
17,L,100,119,29,39,27,False,99.83,0.55,14.84,23.62,0.26,114.67,99.83,0.47,10.01,18.19,0.2,101.43,-2.0,107.4,122.0,-11.61,9.1,-14.04,-18.95
17,L,104,114,29,40,27,False,99.83,0.55,14.84,23.62,0.26,114.67,99.83,0.47,10.01,18.19,0.2,101.43,-1.0,105.8,122.2,0.37,9.1,-12.06,-16.01
6,L,97,113,29,42,27,False,99.83,0.55,14.84,23.62,0.26,114.67,99.83,0.47,10.01,18.19,0.2,101.43,2.0,111.8,116.2,-2.3,12.97,-15.03,-10.86
10,L,119,147,29,43,27,False,99.83,0.55,14.84,23.62,0.26,114.67,99.83,0.47,10.01,18.19,0.2,101.43,-2.0,121.2,116.6,-4.8,9.44,-14.44,-15.33
6,L,105,115,29,44,27,False,99.83,0.55,14.84,23.62,0.26,114.67,99.83,0.47,10.01,18.19,0.2,101.43,-4.0,109.6,118.8,3.08,12.97,-12.56,-9.55
10,L,100,101,29,46,27,False,99.83,0.55,14.84,23.62,0.26,114.67,99.83,0.47,10.01,18.19,0.2,101.43,-5.0,118.6,120.6,-6.23,9.44,-13.43,-15.33
5,L,113,129,29,48,27,False,99.83,0.55,14.84,23.62,0.26,114.67,99.83,0.47,10.01,18.19,0.2,101.43,-1.0,106.2,115.8,-8.9,12.06,-7.68,-14.41
12,L,102,131,29,49,27,False,99.83,0.55,14.84,23.62,0.26,114.67,99.83,0.47,10.01,18.19,0.2,101.43,-2.0,117.6,114.2,-12.09,5.11,-15.43,-7.7
9,L,110,118,29,50,27,False,99.83,0.55,14.84,23.62,0.26,114.67,99.83,0.47,10.01,18.19,0.2,101.43,-4.0,118.6,126.6,-12.09,-1.84,-15.04,-12.91
7,L,95,111,29,51,27,False,99.83,0.55,14.84,23.62,0.26,114.67,99.83,0.47,10.01,18.19,0.2,101.43,-2.0,115.0,118.4,-15.14,10.58,-14.96,-15.8
10,W,124,121,29,50,27,False,99.83,0.55,14.84,23.62,0.26,114.67,99.83,0.47,10.01,18.19,0.2,101.43,-8.0,117.0,118.0,-15.14,9.44,-14.96,-17.88
12,W,110,109,30,50,27,False,99.83,0.55,14.84,23.62,0.26,114.67,99.83,0.47,10.01,18.19,0.2,101.43,-11.0,115.2,116.2,-15.14,5.11,-14.96,-7.7
9,L,116,123,31,52,27,False,99.83,0.55,14.84,23.62,0.26,114.67,99.83,0.47,10.01,18.19,0.2,101.43,-12.0,117.0,124.4,-15.14,0.78,-14.96,-15.57
11,L,120,143,0,2,28,False,99.12,0.5,10.04,21.84,0.21,110.28,99.12,0.52,10.28,16.28,0.18,108.3,2.0,120.4,118.2,1.56,9.02,-14.67,-5.68
14,W,113,106,0,1,28,False,99.36,0.52,10.09,22.07,0.2,112.88,99.36,0.54,10.5,16.78,0.17,111.02,4.0,102.2,99.2,1.67,5.47,-11.05,-1.34
1,L,107,126,1,3,28,False,99.1,0.52,10.57,20.98,0.2,111.23,99.1,0.53,10.18,17.33,0.18,111.18,1.0,106.8,122.6,2.1,20.52,-15.15,-16.02
0,L,121,130,1,4,28,False,99.22,0.51,9.84,19.4,0.19,109.92,99.22,0.54,9.85,16.46,0.17,111.68,-4.0,113.0,120.8,2.86,12.69,-12.87,-12.77
15,L,114,121,1,5,28,False,98.56,0.53,9.73,19.78,0.2,114.34,98.56,0.55,10.2,16.95,0.17,113.74,1.0,106.6,111.6,3.18,7.47,-13.48,-7.25
4,W,132,116,1,5,28,False,99.07,0.52,10.05,20.81,0.2,111.73,99.07,0.54,10.2,16.76,0.17,111.18,1.0,111.2,109.4,4.16,9.98,-11.61,-12.97
4,L,117,124,2,7,28,False,99.07,0.52,10.05,20.81,0.2,111.73,99.07,0.54,10.2,16.76,0.17,111.18,1.0,116.0,107.8,3.81,9.98,-12.55,-13.74
2,L,94,102,2,8,28,False,99.07,0.52,10.05,20.81,0.2,111.73,99.07,0.54,10.2,16.76,0.17,111.18,-2.0,106.6,116.2,3.81,7.56,-13.39,-2.88
6,L,117,130,2,10,28,False,99.07,0.52,10.05,20.81,0.2,111.73,99.07,0.54,10.2,16.76,0.17,111.18,3.0,123.8,112.0,3.81,9.66,-13.27,-13.29
16,L,129,142,2,12,28,False,99.07,0.52,10.05,20.81,0.2,111.73,99.07,0.54,10.2,16.76,0.17,111.18,-3.0,114.4,117.8,3.81,7.56,-12.37,-14.24
4,L,114,117,2,13,28,False,99.07,0.52,10.05,20.81,0.2,111.73,99.07,0.54,10.2,16.76,0.17,111.18,-1.0,117.8,112.6,3.81,11.12,-13.88,-9.15
16,L,128,131,2,14,28,False,99.07,0.52,10.05,20.81,0.2,111.73,99.07,0.54,10.2,16.76,0.17,111.18,-6.0,119.8,123.4,3.81,7.56,-15.76,-15.45
0,L,108,136,2,15,28,False,99.07,0.52,10.05,20.81,0.2,111.73,99.07,0.54,10.2,16.76,0.17,111.18,-2.0,116.6,123.2,1.31,13.61,-11.36,-10.47
8,W,126,107,2,14,28,False,99.07,0.52,10.05,20.81,0.2,111.73,99.07,0.54,10.2,16.76,0.17,111.18,1.0,114.4,104.6,3.81,8.88,-12.11,-6.75
2,L,97,124,3,19,28,False,99.07,0.52,10.05,20.81,0.2,111.73,99.07,0.54,10.2,16.76,0.17,111.18,-2.0,102.0,116.0,3.81,11.58,-14.23,-4.44
11,W,137,123,3,20,28,False,99.07,0.52,10.05,20.81,0.2,111.73,99.07,0.54,10.2,16.76,0.17,111.18,-1.0,117.8,122.2,3.81,7.97,-12.91,-7.94
9,L,118,129,5,24,28,False,99.07,0.52,10.05,20.81,0.2,111.73,99.07,0.54,10.2,16.76,0.17,111.18,-1.0,119.8,125.8,3.81,5.29,-13.21,-10.67
2,W,110,104,5,25,28,False,99.07,0.52,10.05,20.81,0.2,111.73,99.07,0.54,10.2,16.76,0.17,111.18,-4.0,104.2,115.2,3.81,8.78,-13.0,-2.12
0,L,126,130,6,27,28,False,99.07,0.52,10.05,20.81,0.2,111.73,99.07,0.54,10.2,16.76,0.17,111.18,-9.0,114.4,127.2,3.81,12.35,-12.62,-17.08
5,L,101,140,6,28,28,False,99.07,0.52,10.05,20.81,0.2,111.73,99.07,0.54,10.2,16.76,0.17,111.18,-1.0,97.6,106.6,3.81,9.1,-11.94,-12.88
5,L,90,114,6,29,28,False,99.07,0.52,10.05,20.81,0.2,111.73,99.07,0.54,10.2,16.76,0.17,111.18,-2.0,95.8,116.0,3.81,9.1,-12.5,-12.88
11,L,104,112,6,32,28,False,99.07,0.52,10.05,20.81,0.2,111.73,99.07,0.54,10.2,16.76,0.17,111.18,1.0,122.4,125.4,3.81,2.26,-13.97,-10.97
0,W,127,99,6,31,28,False,99.07,0.52,10.05,20.81,0.2,111.73,99.07,0.54,10.2,16.76,0.17,111.18,-1.0,115.6,128.8,3.81,12.35,-13.3,-15.07
8,L,117,129,7,33,28,False,99.07,0.52,10.05,20.81,0.2,111.73,99.07,0.54,10.2,16.76,0.17,111.18,1.0,116.4,103.4,3.81,3.19,-13.34,-6.1
7,L,104,113,7,36,28,False,99.07,0.52,10.05,20.81,0.2,111.73,99.07,0.54,10.2,16.76,0.17,111.18,-4.0,112.0,124.8,3.81,11.96,-9.22,-14.0
17,L,107,118,7,37,28,False,99.07,0.52,10.05,20.81,0.2,111.73,99.07,0.54,10.2,16.76,0.17,111.18,2.0,125.8,113.5,3.81,9.31,-9.32,-13.19
8,W,118,104,7,37,28,False,99.07,0.52,10.05,20.81,0.2,111.73,99.07,0.54,10.2,16.76,0.17,111.18,-1.0,119.8,109.8,3.81,10.61,-11.61,-6.23
12,L,109,125,9,39,28,False,99.07,0.52,10.05,20.81,0.2,111.73,99.07,0.54,10.2,16.76,0.17,111.18,-9.0,106.0,111.8,1.26,-0.4,-10.48,-4.1
15,L,102,110,9,40,28,False,99.07,0.52,10.05,20.81,0.2,111.73,99.07,0.54,10.2,16.76,0.17,111.18,-3.0,109.4,111.6,3.81,16.14,-12.77,-10.11
5,L,106,114,9,42,28,False,99.07,0.52,10.05,20.81,0.2,111.73,99.07,0.54,10.2,16.76,0.17,111.18,-3.0,96.6,120.4,3.81,15.82,-8.18,-4.26
1,L,129,133,9,43,28,False,99.07,0.52,10.05,20.81,0.2,111.73,99.07,0.54,10.2,16.76,0.17,111.18,-1.0,110.8,124.6,3.65,20.85,-12.67,-12.55
6,L,104,112,9,45,28,False,99.07,0.52,10.05,20.81,0.2,111.73,99.07,0.54,10.2,16.76,0.17,111.18,-4.0,122.4,115.6,4.8,14.15,-12.29,-10.98
7,L,110,130,9,47,28,False,99.07,0.52,10.05,20.81,0.2,111.73,99.07,0.54,10.2,16.76,0.17,111.18,-4.0,110.4,122.4,2.25,11.96,-11.98,-14.36
5,L,105,114,9,49,28,False,99.07,0.52,10.05,20.81,0.2,111.73,99.07,0.54,10.2,16.76,0.17,111.18,-4.0,96.4,119.8,0.41,15.82,-13.48,-8.87
9,L,112,123,9,50,28,False,99.07,0.52,10.05,20.81,0.2,111.73,99.07,0.54,10.2,16.76,0.17,111.18,-1.0,119.4,126.4,0.47,2.47,-14.83,-5.35
13,L,131,134,9,51,28,False,99.07,0.52,10.05,20.81,0.2,111.73,99.07,0.54,10.2,16.76,0.17,111.18,-10.0,118.0,122.5,1.98,15.44,-12.91,-11.02
12,L,115,140,9,52,28,False,99.07,0.52,10.05,20.81,0.2,111.73,99.07,0.54,10.2,16.76,0.17,111.18,-1.0,106.6,114.4,1.98,10.36,-13.77,-7.75
4,W,112,100,9,53,28,False,99.07,0.52,10.05,20.81,0.2,111.73,99.07,0.54,10.2,16.76,0.17,111.18,-7.0,119.4,115.6,-1.64,3.51,-12.71,-16.39
15,W,110,108,10,53,28,False,99.07,0.52,10.05,20.81,0.2,111.73,99.07,0.54,10.2,16.76,0.17,111.18,-2.0,108.4,112.4,1.16,7.91,-13.62,-10.79
14,L,97,109,11,55,28,False,99.07,0.52,10.05,20.81,0.2,111.73,99.07,0.54,10.2,16.76,0.17,111.18,1.0,104.4,100.6,1.16,-6.21,-14.03,-14.65
10,L,119,135,11,56,28,False,99.07,0.52,10.05,20.81,0.2,111.73,99.07,0.54,10.2,16.76,0.17,111.18,-1.0,106.2,111.5,1.16,9.44,-14.91,-15.33
3,L,98,127,11,57,28,False,99.07,0.52,10.05,20.81,0.2,111.73,99.07,0.54,10.2,16.76,0.17,111.18,-2.0,97.8,104.2,-1.59,1.72,-15.68,-12.42
1,L,104,130,11,58,28,False,99.07,0.52,10.05,20.81,0.2,111.73,99.07,0.54,10.2,16.76,0.17,111.18,-5.0,116.2,122.4,-10.94,4.38,-15.23,-7.81
10,L,114,137,11,59,28,False,99.07,0.52,10.05,20.81,0.2,111.73,99.07,0.54,10.2,16.76,0.17,111.18,-2.0,108.8,116.2,-10.36,9.44,-12.41,-15.33
3,W,107,105,13,58,28,False,99.07,0.52,10.05,20.81,0.2,111.73,99.07,0.54,10.2,16.76,0.17,111.18,-3.0,98.6,108.2,-10.36,2.84,-10.28,-14.11
2,L,119,122,14,60,28,False,99.07,0.52,10.05,20.81,0.2,111.73,99.07,0.54,10.2,16.76,0.17,111.18,1.0,104.8,113.4,-0.02,13.11,-14.83,-11.15
8,L,87,96,14,61,28,False,99.07,0.52,10.05,20.81,0.2,111.73,99.07,0.54,10.2,16.76,0.17,111.18,1.0,119.4,110.8,3.87,-1.23,-16.59,-17.18
15,L,107,119,14,62,28,False,99.07,0.52,10.05,20.81,0.2,111.73,99.07,0.54,10.2,16.76,0.17,111.18,2.0,109.4,111.4,-3.28,7.91,-18.23,-12.11
16,W,117,113,14,61,28,False,99.07,0.52,10.05,20.81,0.2,111.73,99.07,0.54,10.2,16.76,0.17,111.18,-8.0,121.8,130.6,-2.45,1.54,-10.26,-13.76
13,L,120,125,15,63,28,False,99.07,0.52,10.05,20.81,0.2,111.73,99.07,0.54,10.2,16.76,0.17,111.18,-13.0,120.6,124.8,-0.32,15.44,-17.57,-10.97
17,L,121,130,15,66,28,False,99.07,0.52,10.05,20.81,0.2,111.73,99.07,0.54,10.2,16.76,0.17,111.18,-5.0,122.0,114.4,-6.6,10.59,-15.74,-17.41
3,L,127,129,15,67,28,False,99.07,0.52,10.05,20.81,0.2,111.73,99.07,0.54,10.2,16.76,0.17,111.18,3.0,99.6,109.2,-11.63,-8.29,-11.19,-7.84
1,L,122,132,15,68,28,False,99.07,0.52,10.05,20.81,0.2,111.73,99.07,0.54,10.2,16.76,0.17,111.18,-4.0,118.2,126.0,-10.76,-14.53,-15.03,-10.32
4,L,110,116,0,2,0,False,100.82,0.53,12.38,21.06,0.15,109.26,100.82,0.51,12.26,20.42,0.17,106.34,-1.0,124.4,120.2,14.83,8.71,-10.39,-7.74
16,W,127,110,0,2,0,False,100.12,0.52,11.62,23.39,0.13,109.43,100.12,0.49,12.29,19.74,0.16,103.25,-1.0,114.6,113.0,10.18,15.79,-9.06,-14.42
17,W,127,113,1,2,0,False,100.03,0.52,11.5,22.97,0.13,109.84,100.03,0.47,11.83,20.71,0.17,100.64,-1.0,123.5,123.2,11.33,14.26,-6.86,-13.48
15,L,109,117,5,5,0,False,99.91,0.51,11.02,21.84,0.12,107.55,99.91,0.47,11.72,20.45,0.17,100.09,1.0,114.4,114.2,13.61,-0.44,-10.28,-11.05
8,W,126,120,5,4,0,False,100.76,0.53,11.64,20.45,0.12,109.2,100.76,0.47,12.26,19.64,0.16,98.98,1.0,122.8,111.8,10.1,6.73,-12.27,-6.6
11,L,152,157,6,8,0,False,100.33,0.52,11.63,21.94,0.13,109.06,100.33,0.48,12.07,20.19,0.17,101.86,1.0,126.6,124.2,13.61,9.71,-9.37,-8.2
2,W,147,145,6,7,0,False,100.33,0.52,11.63,21.94,0.13,109.06,100.33,0.48,12.07,20.19,0.17,101.86,-1.0,116.2,118.8,13.61,8.78,-10.47,-7.38
1,L,103,113,8,9,0,False,100.33,0.52,11.63,21.94,0.13,109.06,100.33,0.48,12.07,20.19,0.17,101.86,-1.0,119.2,123.0,13.1,9.9,-13.2,-16.23
5,L,105,128,8,10,0,False,100.33,0.52,11.63,21.94,0.13,109.06,100.33,0.48,12.07,20.19,0.17,101.86,1.0,119.2,111.8,13.1,15.82,-13.2,-9.7
16,L,121,132,9,11,0,False,100.33,0.52,11.63,21.94,0.13,109.06,100.33,0.48,12.07,20.19,0.17,101.86,1.0,117.0,110.2,13.1,7.56,-13.92,-14.31
2,L,113,114,9,12,0,False,100.33,0.52,11.63,21.94,0.13,109.06,100.33,0.48,12.07,20.19,0.17,101.86,1.0,121.2,124.8,13.1,11.58,-13.92,-4.44
7,L,122,129,9,14,0,False,100.33,0.52,11.63,21.94,0.13,109.06,100.33,0.48,12.07,20.19,0.17,101.86,-1.0,109.0,118.8,6.18,11.96,-12.32,-13.1
5,L,119,127,10,16,0,False,100.33,0.52,11.63,21.94,0.13,109.06,100.33,0.48,12.07,20.19,0.17,101.86,-2.0,114.0,116.0,12.88,9.1,-13.18,-13.42
8,W,130,124,10,15,0,False,100.33,0.52,11.63,21.94,0.13,109.06,100.33,0.48,12.07,20.19,0.17,101.86,1.0,127.8,111.4,13.1,7.38,-11.55,-4.31
10,W,134,127,11,15,0,False,100.33,0.52,11.63,21.94,0.13,109.06,100.33,0.48,12.07,20.19,0.17,101.86,-1.0,123.8,120.2,13.1,15.29,-13.49,-14.66
15,L,113,122,12,17,0,False,100.33,0.52,11.63,21.94,0.13,109.06,100.33,0.48,12.07,20.19,0.17,101.86,-1.0,116.6,116.4,6.18,5.0,-12.1,-6.99
14,L,119,125,12,18,0,False,100.33,0.52,11.63,21.94,0.13,109.06,100.33,0.48,12.07,20.19,0.17,101.86,-1.0,118.5,114.0,6.18,10.21,-16.78,-7.98
3,L,113,118,12,19,0,False,100.33,0.52,11.63,21.94,0.13,109.06,100.33,0.48,12.07,20.19,0.17,101.86,2.0,116.8,114.4,12.35,-0.08,-14.87,-17.9
11,L,116,150,14,21,0,False,100.33,0.52,11.63,21.94,0.13,109.06,100.33,0.48,12.07,20.19,0.17,101.86,-3.0,130.8,130.0,12.35,8.86,-15.54,-9.58
11,L,108,126,15,23,0,False,100.33,0.52,11.63,21.94,0.13,109.06,100.33,0.48,12.07,20.19,0.17,101.86,-1.0,127.6,135.4,12.35,3.01,-15.07,-11.35
15,W,109,108,17,23,0,False,100.33,0.52,11.63,21.94,0.13,109.06,100.33,0.48,12.07,20.19,0.17,101.86,-1.0,115.0,118.2,8.84,7.92,-17.75,-6.66
5,L,95,116,18,25,0,False,100.33,0.52,11.63,21.94,0.13,109.06,100.33,0.48,12.07,20.19,0.17,101.86,-1.0,116.4,121.2,12.35,9.1,-15.07,-11.96
9,L,112,134,18,27,0,False,100.33,0.52,11.63,21.94,0.13,109.06,100.33,0.48,12.07,20.19,0.17,101.86,1.0,125.5,124.8,8.84,7.6,-16.68,-14.43
6,L,143,148,18,28,0,False,100.33,0.52,11.63,21.94,0.13,109.06,100.33,0.48,12.07,20.19,0.17,101.86,1.0,117.2,110.5,12.35,9.66,-14.41,-13.92
13,W,138,122,19,27,0,False,100.33,0.52,11.63,21.94,0.13,109.06,100.33,0.48,12.07,20.19,0.17,101.86,-1.0,120.5,128.8,12.35,6.13,-10.88,-14.56
9,W,141,134,21,27,0,False,100.33,0.52,11.63,21.94,0.13,109.06,100.33,0.48,12.07,20.19,0.17,101.86,-3.0,122.8,126.6,6.69,9.01,-12.33,-14.12
12,L,144,149,22,29,0,False,100.33,0.52,11.63,21.94,0.13,109.06,100.33,0.48,12.07,20.19,0.17,101.86,-1.0,107.5,110.0,12.12,9.88,-13.36,-6.17
1,L,117,125,22,30,0,False,100.33,0.52,11.63,21.94,0.13,109.06,100.33,0.48,12.07,20.19,0.17,101.86,-1.0,118.6,121.8,8.43,17.2,-9.72,-15.32
10,W,122,113,23,29,0,False,100.33,0.52,11.63,21.94,0.13,109.06,100.33,0.48,12.07,20.19,0.17,101.86,2.0,125.8,121.6,12.12,3.3,-9.36,-17.37
3,L,126,136,24,31,0,False,100.33,0.52,11.63,21.94,0.13,109.06,100.33,0.48,12.07,20.19,0.17,101.86,-3.0,113.4,113.2,12.12,2.84,-9.67,-15.45
4,L,99,122,24,32,0,False,100.33,0.52,11.63,21.94,0.13,109.06,100.33,0.48,12.07,20.19,0.17,101.86,-1.0,120.0,122.8,6.93,-0.29,-9.83,-11.25
2,L,97,124,26,34,0,False,100.33,0.52,11.63,21.94,0.13,109.06,100.33,0.48,12.07,20.19,0.17,101.86,-2.0,120.6,123.6,8.84,10.47,-13.33,-4.25
2,L,102,114,26,35,0,False,100.33,0.52,11.63,21.94,0.13,109.06,100.33,0.48,12.07,20.19,0.17,101.86,-1.0,118.6,126.8,8.84,10.47,-13.33,-4.25
5,W,112,101,27,34,0,False,100.33,0.52,11.63,21.94,0.13,109.06,100.33,0.48,12.07,20.19,0.17,101.86,-1.0,115.0,121.6,8.84,0.53,-17.14,-17.28
14,W,99,92,28,34,0,False,100.33,0.52,11.63,21.94,0.13,109.06,100.33,0.48,12.07,20.19,0.17,101.86,-2.0,118.6,116.2,2.11,-3.39,-16.71,-13.13
12,W,110,93,29,37,0,False,100.33,0.52,11.63,21.94,0.13,109.06,100.33,0.48,12.07,20.19,0.17,101.86,-1.0,114.8,117.8,4.77,12.6,-7.08,-14.02
13,L,105,136,30,39,0,False,100.33,0.52,11.63,21.94,0.13,109.06,100.33,0.48,12.07,20.19,0.17,101.86,2.0,124.0,127.4,4.77,15.44,-7.08,-11.78
4,W,132,91,30,39,0,False,100.33,0.52,11.63,21.94,0.13,109.06,100.33,0.48,12.07,20.19,0.17,101.86,-2.0,118.0,122.0,5.52,-1.54,-10.99,-13.27
1,W,120,118,31,39,0,False,100.33,0.52,11.63,21.94,0.13,109.06,100.33,0.48,12.07,20.19,0.17,101.86,-2.0,116.0,122.4,5.52,12.56,-10.99,-12.96
1,W,123,122,33,39,0,False,100.33,0.52,11.63,21.94,0.13,109.06,100.33,0.48,12.07,20.19,0.17,101.86,2.0,115.8,120.2,5.52,20.85,-10.99,-10.18
16,L,113,122,34,41,0,False,100.33,0.52,11.63,21.94,0.13,109.06,100.33,0.48,12.07,20.19,0.17,101.86,-1.0,118.2,112.0,5.52,1.54,-10.99,-12.78
3,W,113,101,34,40,0,False,100.33,0.52,11.63,21.94,0.13,109.06,100.33,0.48,12.07,20.19,0.17,101.86,-1.0,114.0,116.0,5.52,3.88,-17.22,-15.0
8,W,121,113,35,40,0,False,100.33,0.52,11.63,21.94,0.13,109.06,100.33,0.48,12.07,20.19,0.17,101.86,1.0,130.2,113.6,10.1,-7.7,-20.49,-12.58
6,L,95,109,36,42,0,False,100.33,0.52,11.63,21.94,0.13,109.06,100.33,0.48,12.07,20.19,0.17,101.86,-4.0,122.4,118.0,10.1,12.97,-20.49,-14.18
7,L,110,142,36,43,0,False,100.33,0.52,11.63,21.94,0.13,109.06,100.33,0.48,12.07,20.19,0.17,101.86,-4.0,111.6,120.8,10.1,10.58,-21.28,-15.8
15,L,111,117,36,44,0,False,100.33,0.52,11.63,21.94,0.13,109.06,100.33,0.48,12.07,20.19,0.17,101.86,3.0,115.0,116.4,10.1,7.92,-21.23,-12.14
4,L,114,115,36,45,0,False,100.33,0.52,11.63,21.94,0.13,109.06,100.33,0.48,12.07,20.19,0.17,101.86,1.0,119.4,119.0,-1.59,2.4,-16.07,-17.47
17,L,106,109,36,46,0,False,100.33,0.52,11.63,21.94,0.13,109.06,100.33,0.48,12.07,20.19,0.17,101.86,2.0,124.2,121.2,12.56,12.95,-20.65,-14.46
11,L,115,157,36,47,0,False,100.33,0.52,11.63,21.94,0.13,109.06,100.33,0.48,12.07,20.19,0.17,101.86,-1.0,126.4,134.8,7.14,10.67,-16.46,-14.31
3,L,116,131,36,48,0,False,100.33,0.52,11.63,21.94,0.13,109.06,100.33,0.48,12.07,20.19,0.17,101.86,1.0,115.0,114.2,12.56,3.88,-21.04,-12.43
15,W,119,111,1,0,1,False,96.42,0.53,11.0,21.32,0.18,113.2,96.42,0.54,15.54,22.52,0.19,108.9,-1.0,103.2,106.0,18.67,11.58,-16.78,-7.86
11,W,155,104,3,0,1,False,97.22,0.53,11.08,21.68,0.19,113.34,97.22,0.53,15.63,23.02,0.2,107.54,2.0,121.8,120.2,19.47,4.81,-16.29,-3.33
2,W,124,114,4,0,1,False,98.63,0.54,10.18,20.9,0.18,114.95,98.63,0.55,15.39,22.21,0.2,111.75,-1.0,114.4,102.6,16.15,11.19,-16.34,-5.66
17,L,109,114,5,2,1,False,98.47,0.54,10.63,20.18,0.19,115.0,98.47,0.54,15.25,20.93,0.2,108.34,1.0,115.5,107.8,17.04,13.04,-15.14,-11.51
2,W,121,107,5,2,1,False,97.91,0.53,10.82,19.74,0.19,112.96,97.91,0.54,16.14,20.12,0.21,106.95,5.0,116.0,103.0,20.85,7.76,-15.47,-6.13
14,W,102,100,10,2,1,False,97.73,0.53,10.74,20.76,0.19,113.89,97.73,0.54,15.59,21.76,0.2,108.7,4.0,121.8,108.0,20.85,5.36,-15.11,-9.96
4,L,118,121,11,4,1,False,97.73,0.53,10.74,20.76,0.19,113.89,97.73,0.54,15.59,21.76,0.2,108.7,3.0,126.8,109.2,16.21,11.81,-18.75,-9.15
16,W,119,116,11,3,1,False,97.73,0.53,10.74,20.76,0.19,113.89,97.73,0.54,15.59,21.76,0.2,108.7,1.0,124.2,104.8,20.85,7.56,-14.23,-14.56
3,W,124,97,13,4,1,False,97.73,0.53,10.74,20.76,0.19,113.89,97.73,0.54,15.59,21.76,0.2,108.7,3.0,111.2,110.6,16.71,9.25,-16.1,-14.72
11,L,112,122,15,6,1,False,97.73,0.53,10.74,20.76,0.19,113.89,97.73,0.54,15.59,21.76,0.2,108.7,4.0,131.4,115.4,16.71,7.97,-16.19,-8.11
5,W,120,113,16,5,1,False,97.73,0.53,10.74,20.76,0.19,113.89,97.73,0.54,15.59,21.76,0.2,108.7,-3.0,115.6,115.6,20.85,11.17,-14.79,-9.7
5,W,116,107,17,5,1,False,97.73,0.53,10.74,20.76,0.19,113.89,97.73,0.54,15.59,21.76,0.2,108.7,2.0,117.4,118.0,20.85,11.17,-14.33,-9.7
9,L,126,132,20,7,1,False,97.73,0.53,10.74,20.76,0.19,113.89,97.73,0.54,15.59,21.76,0.2,108.7,8.0,101.8,111.0,16.71,5.29,-15.5,-4.87
12,W,145,108,21,6,1,False,97.73,0.53,10.74,20.76,0.19,113.89,97.73,0.54,15.59,21.76,0.2,108.7,4.0,100.5,107.0,16.71,3.46,-16.12,-4.49
13,W,126,115,22,6,1,False,97.73,0.53,10.74,20.76,0.19,113.89,97.73,0.54,15.59,21.76,0.2,108.7,1.0,119.8,116.0,20.85,6.41,-11.46,-7.37
8,W,128,122,23,6,1,False,97.73,0.53,10.74,20.76,0.19,113.89,97.73,0.54,15.59,21.76,0.2,108.7,1.0,119.4,106.2,15.59,8.11,-15.5,-4.83
11,W,118,101,27,7,1,False,97.73,0.53,10.74,20.76,0.19,113.89,97.73,0.54,15.59,21.76,0.2,108.7,-1.0,128.2,115.2,20.85,7.97,-14.18,-12.8
11,L,131,133,28,9,1,False,97.73,0.53,10.74,20.76,0.19,113.89,97.73,0.54,15.59,21.76,0.2,108.7,2.0,129.4,112.0,13.26,8.86,-16.61,-9.16
17,W,127,120,28,8,1,False,97.73,0.53,10.74,20.76,0.19,113.89,97.73,0.54,15.59,21.76,0.2,108.7,-1.0,114.2,109.0,16.71,7.81,-15.5,-18.18
16,L,102,135,29,10,1,False,97.73,0.53,10.74,20.76,0.19,113.89,97.73,0.54,15.59,21.76,0.2,108.7,1.0,126.4,109.0,20.85,7.56,-15.5,-16.27
10,W,145,113,29,9,1,False,97.73,0.53,10.74,20.76,0.19,113.89,97.73,0.54,15.59,21.76,0.2,108.7,-1.0,112.5,100.0,20.85,15.29,-14.33,-15.18
7,L,100,102,32,11,1,False,97.73,0.53,10.74,20.76,0.19,113.89,97.73,0.54,15.59,21.76,0.2,108.7,-1.0,118.5,110.2,20.85,11.96,-14.18,-14.79
10,W,116,107,32,10,1,False,97.73,0.53,10.74,20.76,0.19,113.89,97.73,0.54,15.59,21.76,0.2,108.7,1.0,119.0,102.6,16.37,3.28,-14.15,-16.96
6,W,119,110,33,10,1,False,97.73,0.53,10.74,20.76,0.19,113.89,97.73,0.54,15.59,21.76,0.2,108.7,1.0,111.2,102.2,16.71,11.76,-13.14,-10.54
15,W,143,110,34,10,1,False,97.73,0.53,10.74,20.76,0.19,113.89,97.73,0.54,15.59,21.76,0.2,108.7,2.0,106.6,102.6,20.85,16.14,-12.45,-9.93
12,L,96,115,35,12,1,False,97.73,0.53,10.74,20.76,0.19,113.89,97.73,0.54,15.59,21.76,0.2,108.7,2.0,109.4,107.2,16.71,9.88,-15.5,-6.17
11,W,129,124,36,11,1,False,97.73,0.53,10.74,20.76,0.19,113.89,97.73,0.54,15.59,21.76,0.2,108.7,-1.0,127.2,111.0,20.85,11.91,-15.5,-12.44
13,L,105,114,37,13,1,False,97.73,0.53,10.74,20.76,0.19,113.89,97.73,0.54,15.59,21.76,0.2,108.7,3.0,121.0,115.8,20.85,-2.29,-14.01,-14.32
14,W,131,91,37,12,1,False,97.73,0.53,10.74,20.76,0.19,113.89,97.73,0.54,15.59,21.76,0.2,108.7,6.0,117.8,106.4,15.59,-13.22,-16.47,-5.57
15,W,110,106,40,12,1,False,97.73,0.53,10.74,20.76,0.19,113.89,97.73,0.54,15.59,21.76,0.2,108.7,3.0,112.0,104.8,20.85,9.29,-13.4,-7.47
2,W,118,110,41,12,1,False,97.73,0.53,10.74,20.76,0.19,113.89,97.73,0.54,15.59,21.76,0.2,108.7,1.0,119.6,106.0,16.71,10.88,-14.74,-7.22
2,W,136,86,42,12,1,False,97.73,0.53,10.74,20.76,0.19,113.89,97.73,0.54,15.59,21.76,0.2,108.7,5.0,121.4,108.4,14.77,13.11,-15.91,-7.85
3,W,129,112,43,12,1,False,97.73,0.53,10.74,20.76,0.19,113.89,97.73,0.54,15.59,21.76,0.2,108.7,2.0,112.6,111.2,20.85,3.88,-11.43,-14.73
6,W,138,110,46,12,1,False,97.73,0.53,10.74,20.76,0.19,113.89,97.73,0.54,15.59,21.76,0.2,108.7,2.0,112.8,103.8,20.85,14.93,-11.43,-9.95
9,W,140,88,47,12,1,False,97.73,0.53,10.74,20.76,0.19,113.89,97.73,0.54,15.59,21.76,0.2,108.7,-1.0,107.6,116.0,16.71,8.18,-12.55,-10.06
5,L,104,105,48,14,1,False,97.73,0.53,10.74,20.76,0.19,113.89,97.73,0.54,15.59,21.76,0.2,108.7,3.0,116.0,113.0,20.85,2.3,-14.0,-14.63
7,L,109,115,48,15,1,False,97.73,0.53,10.74,20.76,0.19,113.89,97.73,0.54,15.59,21.76,0.2,108.7,-1.0,114.8,108.6,20.85,11.96,-11.43,-14.31
8,W,119,94,53,14,1,False,97.73,0.53,10.74,20.76,0.19,113.89,97.73,0.54,15.59,21.76,0.2,108.7,4.0,122.2,110.0,6.24,-3.59,-11.88,-11.6
16,W,122,119,54,14,1,False,97.73,0.53,10.74,20.76,0.19,113.89,97.73,0.54,15.59,21.76,0.2,108.7,-1.0,125.0,119.8,17.2,3.05,-10.68,-12.48
8,W,129,102,55,14,1,False,97.73,0.53,10.74,20.76,0.19,113.89,97.73,0.54,15.59,21.76,0.2,108.7,6.0,120.4,106.4,9.55,-6.39,-17.25,-13.96
3,W,124,113,56,14,1,False,97.73,0.53,10.74,20.76,0.19,113.89,97.73,0.54,15.59,21.76,0.2,108.7,7.0,118.0,109.6,4.6,3.88,-15.28,-14.85
4,W,118,104,58,16,1,False,97.73,0.53,10.74,20.76,0.19,113.89,97.73,0.54,15.59,21.76,0.2,108.7,-1.0,127.4,113.2,15.59,2.4,-12.55,-18.17
16,L,91,104,62,18,1,False,97.73,0.53,10.74,20.76,0.19,113.89,97.73,0.54,15.59,21.76,0.2,108.7,7.0,121.6,120.0,17.65,5.44,-13.22,-12.95
4,W,131,98,62,18,1,False,97.73,0.53,10.74,20.76,0.19,113.89,97.73,0.54,15.59,21.76,0.2,108.7,2.0,123.0,113.0,-14.63,-4.11,-7.34,-17.82
15,W,114,94,0,0,1,True,97.73,0.53,10.74,20.76,0.19,113.89,97.73,0.54,15.59,21.76,0.2,108.7,4.0,112.0,106.6,20.85,2.98,-12.07,-2.86
15,L,101,111,1,2,1,True,97.73,0.53,10.74,20.76,0.19,113.89,97.73,0.54,15.59,21.76,0.2,108.7,1.0,114.0,104.8,20.85,2.98,-12.07,-2.86
15,W,104,84,1,1,1,True,97.73,0.53,10.74,20.76,0.19,113.89,97.73,0.54,15.59,21.76,0.2,108.7,-1.0,117.4,106.4,20.85,2.98,-12.41,-2.86
15,W,102,88,2,1,1,True,97.73,0.53,10.74,20.76,0.19,113.89,97.73,0.54,15.59,21.76,0.2,108.7,1.0,114.4,101.0,20.85,2.98,-12.41,-2.86
15,W,118,84,3,1,1,True,97.73,0.53,10.74,20.76,0.19,113.89,97.73,0.54,15.59,21.76,0.2,108.7,2.0,106.2,96.6,16.71,2.96,-13.39,-2.86
5,W,120,95,4,1,1,True,97.73,0.53,10.74,20.76,0.19,113.89,97.73,0.54,15.59,21.76,0.2,108.7,-1.0,114.2,111.2,16.71,15.96,-13.39,-10.19
5,L,94,118,5,3,1,True,97.73,0.53,10.74,20.76,0.19,113.89,97.73,0.54,15.59,21.76,0.2,108.7,4.0,114.8,107.6,16.71,15.96,-13.39,-10.19
5,W,106,93,5,2,1,True,97.73,0.53,10.74,20.76,0.19,113.89,97.73,0.54,15.59,21.76,0.2,108.7,-1.0,110.8,107.6,16.71,15.96,-13.39,-10.23
5,W,109,102,6,2,1,True,97.73,0.53,10.74,20.76,0.19,113.89,97.73,0.54,15.59,21.76,0.2,108.7,1.0,108.0,103.6,16.71,12.21,-13.39,-7.89
5,W,113,98,7,2,1,True,97.73,0.53,10.74,20.76,0.19,113.89,97.73,0.54,15.59,21.76,0.2,108.7,2.0,106.6,102.6,16.71,6.95,-13.39,-4.6
11,W,133,128,8,2,1,True,97.73,0.53,10.74,20.76,0.19,113.89,97.73,0.54,15.59,21.76,0.2,108.7,2.0,129.0,116.8,16.71,10.67,-15.2,-13.23
11,W,126,110,9,2,1,True,97.73,0.53,10.74,20.76,0.19,113.89,97.73,0.54,15.59,21.76,0.2,108.7,4.0,124.6,121.6,16.71,10.67,-13.39,-13.23
11,W,114,111,10,2,1,True,97.73,0.53,10.74,20.76,0.19,113.89,97.73,0.54,15.59,21.76,0.2,108.7,5.0,127.4,119.2,16.71,2.75,-13.13,-13.11
11,W,105,102,11,2,1,True,97.73,0.53,10.74,20.76,0.19,113.89,97.73,0.54,15.59,21.76,0.2,108.7,6.0,126.6,121.2,16.71,2.75,-13.39,-14.71
6,W,107,89,12,2,1,True,97.73,0.53,10.74,20.76,0.19,113.89,97.73,0.54,15.59,21.76,0.2,108.7,10.0,119.6,104.4,16.71,12.97,-10.34,-9.47
6,W,105,98,13,2,1,True,97.73,0.53,10.74,20.76,0.19,113.89,97.73,0.54,15.59,21.76,0.2,108.7,8.0,122.6,103.2,16.71,12.97,-10.34,-9.47
6,W,106,99,14,2,1,True,97.73,0.53,10.74,20.76,0.19,113.89,97.73,0.54,15.59,21.76,0.2,108.7,9.0,118.6,100.4,16.71,12.97,-13.39,-9.47
6,L,84,122,15,4,1,True,97.73,0.53,10.74,20.76,0.19,113.89,97.73,0.54,15.59,21.76,0.2,108.7,10.0,115.0,101.2,16.71,12.97,-10.34,-9.47
6,W,106,88,15,3,1,True,97.73,0.53,10.74,20.76,0.19,113.89,97.73,0.54,15.59,21.76,0.2,108.7,-1.0,108.0,103.6,16.71,12.97,-10.34,-9.47
5,L,113,114,0,2,2,False,100.5,0.55,15.78,13.74,0.19,102.5,100.5,0.48,11.18,22.98,0.18,105.9,-5.0,116.2,112.6,6.94,10.25,-1.1,-10.83
6,L,120,125,0,3,2,False,101.46,0.51,14.9,14.83,0.2,98.54,101.46,0.48,10.52,24.54,0.17,108.06,-1.0,108.0,109.2,3.07,20.42,-4.07,-7.06
4,W,133,121,0,2,2,False,101.39,0.51,14.66,13.35,0.16,97.63,101.39,0.49,10.22,25.12,0.17,110.43,2.0,111.0,104.2,4.55,9.83,-1.58,-1.57
15,W,109,105,1,2,2,False,101.25,0.52,14.61,14.38,0.16,98.93,101.25,0.5,9.8,23.97,0.16,111.76,1.0,112.8,102.8,7.42,8.86,-4.94,-10.45
3,W,109,107,2,2,2,False,101.48,0.53,14.41,13.44,0.17,99.74,101.48,0.5,9.66,24.32,0.16,111.93,-1.0,110.4,115.4,9.08,9.48,-2.91,-13.92
16,L,125,129,3,5,2,False,101.22,0.52,14.87,13.95,0.18,99.47,101.22,0.49,10.28,24.19,0.17,109.62,-1.0,110.6,113.2,11.74,7.74,-8.85,-10.47
12,W,100,93,3,4,2,False,101.22,0.52,14.87,13.95,0.18,99.47,101.22,0.49,10.28,24.19,0.17,109.62,-1.0,116.5,111.8,11.57,20.92,-10.81,-11.27
15,L,115,122,6,7,2,False,101.22,0.52,14.87,13.95,0.18,99.47,101.22,0.49,10.28,24.19,0.17,109.62,2.0,113.2,101.2,9.29,6.03,1.65,-7.74
15,W,112,97,6,8,2,False,101.22,0.52,14.87,13.95,0.18,99.47,101.22,0.49,10.28,24.19,0.17,109.62,-1.0,114.2,106.6,8.78,-5.77,-6.57,-8.75
3,W,118,109,7,8,2,False,101.22,0.52,14.87,13.95,0.18,99.47,101.22,0.49,10.28,24.19,0.17,109.62,3.0,104.6,114.4,8.94,9.25,-8.31,-16.49
4,L,128,129,9,10,2,False,101.22,0.52,14.87,13.95,0.18,99.47,101.22,0.49,10.28,24.19,0.17,109.62,1.0,115.6,104.6,8.78,9.59,-2.44,-8.56
7,L,101,124,13,12,2,False,101.22,0.52,14.87,13.95,0.18,99.47,101.22,0.49,10.28,24.19,0.17,109.62,-3.0,111.5,119.0,11.58,7.01,-9.25,-12.26
9,L,120,124,13,13,2,False,101.22,0.52,14.87,13.95,0.18,99.47,101.22,0.49,10.28,24.19,0.17,109.62,2.0,117.0,114.0,11.58,5.29,-7.73,-4.87
7,L,117,122,13,16,2,False,101.22,0.52,14.87,13.95,0.18,99.47,101.22,0.49,10.28,24.19,0.17,109.62,-1.0,109.4,120.0,11.58,11.96,-7.73,-14.3
8,W,126,115,13,15,2,False,101.22,0.52,14.87,13.95,0.18,99.47,101.22,0.49,10.28,24.19,0.17,109.62,1.0,123.0,117.2,11.58,9.54,-7.73,-5.66
8,W,118,112,14,15,2,False,101.22,0.52,14.87,13.95,0.18,99.47,101.22,0.49,10.28,24.19,0.17,109.62,1.0,125.0,119.4,11.58,10.61,-7.73,-4.47
16,L,122,144,15,17,2,False,101.22,0.52,14.87,13.95,0.18,99.47,101.22,0.49,10.28,24.19,0.17,109.62,-2.0,111.8,115.0,3.83,7.56,-9.36,-16.62
10,L,101,112,15,21,2,False,101.22,0.52,14.87,13.95,0.18,99.47,101.22,0.49,10.28,24.19,0.17,109.62,1.0,115.8,107.2,8.78,10.43,-7.04,-15.61
5,L,102,111,16,23,2,False,101.22,0.52,14.87,13.95,0.18,99.47,101.22,0.49,10.28,24.19,0.17,109.62,-1.0,115.2,114.0,8.78,9.1,-2.12,-13.44
15,L,95,96,16,24,2,False,101.22,0.52,14.87,13.95,0.18,99.47,101.22,0.49,10.28,24.19,0.17,109.62,1.0,116.2,105.8,8.78,9.44,-2.12,-8.21
13,W,130,112,16,24,2,False,101.22,0.52,14.87,13.95,0.18,99.47,101.22,0.49,10.28,24.19,0.17,109.62,2.0,110.5,110.2,8.78,16.37,-2.12,-13.75
12,L,114,125,17,26,2,False,101.22,0.52,14.87,13.95,0.18,99.47,101.22,0.49,10.28,24.19,0.17,109.62,1.0,113.2,108.0,8.78,9.88,-2.12,-6.17
17,L,94,96,17,28,2,False,101.22,0.52,14.87,13.95,0.18,99.47,101.22,0.49,10.28,24.19,0.17,109.62,-1.0,115.2,117.8,8.78,12.95,-5.27,-12.99
10,W,106,104,17,27,2,False,101.22,0.52,14.87,13.95,0.18,99.47,101.22,0.49,10.28,24.19,0.17,109.62,-5.0,112.8,108.2,11.41,10.69,-7.24,-16.67
9,L,98,109,20,30,2,False,101.22,0.52,14.87,13.95,0.18,99.47,101.22,0.49,10.28,24.19,0.17,109.62,-2.0,117.6,116.0,11.58,5.82,-4.12,-12.44
6,L,107,119,20,31,2,False,101.22,0.52,14.87,13.95,0.18,99.47,101.22,0.49,10.28,24.19,0.17,109.62,-2.0,110.4,112.4,10.48,9.7,-11.08,-11.28
5,L,95,118,20,32,2,False,101.22,0.52,14.87,13.95,0.18,99.47,101.22,0.49,10.28,24.19,0.17,109.62,-2.0,112.6,114.6,5.17,15.82,-3.52,-8.87
17,L,86,101,21,36,2,False,101.22,0.52,14.87,13.95,0.18,99.47,101.22,0.49,10.28,24.19,0.17,109.62,-3.0,111.0,113.4,10.88,11.46,-3.5,-15.81
14,W,111,86,21,35,2,False,101.22,0.52,14.87,13.95,0.18,99.47,101.22,0.49,10.28,24.19,0.17,109.62,2.0,118.8,124.8,13.11,-0.65,-4.89,-13.71
14,L,102,106,24,38,2,False,101.22,0.52,14.87,13.95,0.18,99.47,101.22,0.49,10.28,24.19,0.17,109.62,1.0,117.2,117.0,10.47,-8.24,-4.25,-13.76
8,L,112,118,25,39,2,False,101.22,0.52,14.87,13.95,0.18,99.47,101.22,0.49,10.28,24.19,0.17,109.62,2.0,122.6,117.2,6.16,8.88,-4.86,-17.02
4,L,99,110,25,40,2,False,101.22,0.52,14.87,13.95,0.18,99.47,101.22,0.49,10.28,24.19,0.17,109.62,-1.0,121.6,111.6,13.11,3.51,-12.21,-19.42
5,W,120,101,25,39,2,False,101.22,0.52,14.87,13.95,0.18,99.47,101.22,0.49,10.28,24.19,0.17,109.62,-3.0,106.6,114.8,13.11,5.79,-9.56,-21.6
11,L,100,121,26,42,2,False,101.22,0.52,14.87,13.95,0.18,99.47,101.22,0.49,10.28,24.19,0.17,109.62,3.0,123.8,124.2,13.11,10.67,-7.2,-14.04
16,L,108,115,26,45,2,False,101.22,0.52,14.87,13.95,0.18,99.47,101.22,0.49,10.28,24.19,0.17,109.62,-1.0,116.4,121.8,13.28,7.6,-9.56,-12.48
3,W,125,108,28,45,2,False,101.22,0.52,14.87,13.95,0.18,99.47,101.22,0.49,10.28,24.19,0.17,109.62,2.0,108.4,114.6,13.11,3.88,-7.36,-14.78
13,L,104,116,29,47,2,False,101.22,0.52,14.87,13.95,0.18,99.47,101.22,0.49,10.28,24.19,0.17,109.62,1.0,114.4,110.6,13.11,15.44,-7.36,-10.97
11,L,111,133,29,48,2,False,101.22,0.52,14.87,13.95,0.18,99.47,101.22,0.49,10.28,24.19,0.17,109.62,-2.0,117.0,123.2,13.11,10.67,-7.36,-13.23
11,W,115,111,29,47,2,False,101.22,0.52,14.87,13.95,0.18,99.47,101.22,0.49,10.28,24.19,0.17,109.62,-2.0,116.0,124.8,13.11,8.08,-7.36,-15.23
8,W,113,103,30,47,2,False,101.22,0.52,14.87,13.95,0.18,99.47,101.22,0.49,10.28,24.19,0.17,109.62,-1.0,120.2,116.6,13.11,-14.88,-7.36,-9.36
8,L,99,111,1,2,4,False,102.74,0.49,11.84,24.84,0.15,106.38,102.74,0.54,15.02,25.64,0.21,112.0,2.0,120.4,119.0,11.18,7.29,-1.18,-1.44
10,L,119,128,1,4,4,False,102.51,0.51,11.43,26.53,0.15,109.96,102.51,0.53,14.96,27.79,0.23,112.46,-4.0,124.2,118.5,10.03,11.36,-1.5,-10.75
11,W,125,124,1,3,4,False,103.07,0.51,10.99,24.13,0.16,109.87,103.07,0.54,15.36,25.45,0.22,112.27,1.0,122.6,116.8,11.04,6.34,-4.81,-5.91
6,L,118,124,2,5,4,False,104.18,0.52,11.21,24.96,0.16,111.54,104.18,0.55,15.37,22.92,0.22,111.35,2.0,113.0,110.2,9.98,13.1,-12.24,-9.38
15,L,105,111,3,8,4,False,104.34,0.5,10.35,24.45,0.16,110.07,104.34,0.54,15.04,24.16,0.22,111.96,4.0,114.4,122.6,1.66,6.03,-14.12,-8.84
16,L,99,130,3,9,4,False,103.37,0.51,11.16,24.98,0.16,109.56,103.37,0.54,15.15,25.19,0.22,112.01,-1.0,111.6,113.4,9.98,7.56,-7.91,-16.18
17,L,117,123,6,13,4,False,103.37,0.51,11.16,24.98,0.16,109.56,103.37,0.54,15.15,25.19,0.22,112.01,3.0,121.0,115.5,13.84,0.52,-11.06,-13.6
3,L,100,111,6,14,4,False,103.37,0.51,11.16,24.98,0.16,109.56,103.37,0.54,15.15,25.19,0.22,112.01,-1.0,104.2,110.8,10.72,4.87,-11.22,-16.9
15,L,114,116,7,15,4,False,103.37,0.51,11.16,24.98,0.16,109.56,103.37,0.54,15.15,25.19,0.22,112.01,-2.0,112.4,116.0,10.72,-1.57,-9.96,-12.19
15,L,104,115,7,16,4,False,103.37,0.51,11.16,24.98,0.16,109.56,103.37,0.54,15.15,25.19,0.22,112.01,-1.0,112.8,115.8,10.72,-1.57,-9.78,-8.45
11,L,113,144,7,20,4,False,103.37,0.51,11.16,24.98,0.16,109.56,103.37,0.54,15.15,25.19,0.22,112.01,1.0,124.4,120.0,10.72,7.97,-12.28,-6.51
7,L,95,102,7,21,4,False,103.37,0.51,11.16,24.98,0.16,109.56,103.37,0.54,15.15,25.19,0.22,112.01,-7.0,111.0,114.5,3.28,11.96,-9.72,-13.8
12,L,104,113,7,22,4,False,103.37,0.51,11.16,24.98,0.16,109.56,103.37,0.54,15.15,25.19,0.22,112.01,-1.0,104.5,120.0,6.47,3.46,-11.59,-8.29
13,L,112,133,7,23,4,False,103.37,0.51,11.16,24.98,0.16,109.56,103.37,0.54,15.15,25.19,0.22,112.01,-2.0,122.2,122.8,5.36,8.27,-11.65,-5.07
7,L,93,111,7,25,4,False,103.37,0.51,11.16,24.98,0.16,109.56,103.37,0.54,15.15,25.19,0.22,112.01,-7.0,107.8,112.0,-2.08,11.96,-12.02,-13.15
3,L,91,104,8,26,4,False,103.37,0.51,11.16,24.98,0.16,109.56,103.37,0.54,15.15,25.19,0.22,112.01,-2.0,97.6,109.6,6.92,-5.16,-12.0,-5.7
3,L,112,119,8,27,4,False,103.37,0.51,11.16,24.98,0.16,109.56,103.37,0.54,15.15,25.19,0.22,112.01,-1.0,98.2,109.2,5.36,-0.08,-18.12,-9.5
15,L,87,104,8,30,4,False,103.37,0.51,11.16,24.98,0.16,109.56,103.37,0.54,15.15,25.19,0.22,112.01,-2.0,110.6,112.4,7.14,4.5,-10.87,-6.1
17,W,128,125,9,31,4,False,103.37,0.51,11.16,24.98,0.16,109.56,103.37,0.54,15.15,25.19,0.22,112.01,-1.0,120.2,117.0,14.39,9.31,-17.53,-14.35
8,L,106,113,10,33,4,False,103.37,0.51,11.16,24.98,0.16,109.56,103.37,0.54,15.15,25.19,0.22,112.01,-1.0,115.0,115.8,4.63,6.26,-14.13,-6.39
10,L,104,138,10,34,4,False,103.37,0.51,11.16,24.98,0.16,109.56,103.37,0.54,15.15,25.19,0.22,112.01,-3.0,123.2,120.4,4.63,10.69,-14.03,-13.91
3,L,110,117,10,37,4,False,103.37,0.51,11.16,24.98,0.16,109.56,103.37,0.54,15.15,25.19,0.22,112.01,-2.0,98.4,113.8,0.16,3.88,-14.32,-15.55
11,L,99,115,10,39,4,False,103.37,0.51,11.16,24.98,0.16,109.56,103.37,0.54,15.15,25.19,0.22,112.01,-6.0,115.4,123.6,-2.08,10.67,-13.84,-10.46
13,L,118,124,10,40,4,False,103.37,0.51,11.16,24.98,0.16,109.56,103.37,0.54,15.15,25.19,0.22,112.01,-9.0,120.2,124.8,-3.85,15.44,-12.58,-13.42
16,L,84,120,10,42,4,False,103.37,0.51,11.16,24.98,0.16,109.56,103.37,0.54,15.15,25.19,0.22,112.01,-3.0,110.8,119.6,-1.61,7.6,-16.39,-13.89
14,W,115,106,10,41,4,False,103.37,0.51,11.16,24.98,0.16,109.56,103.37,0.54,15.15,25.19,0.22,112.01,-3.0,110.5,123.5,-0.29,-5.49,-14.27,-10.78
11,W,111,102,11,41,4,False,103.37,0.51,11.16,24.98,0.16,109.56,103.37,0.54,15.15,25.19,0.22,112.01,-7.0,112.6,121.6,-0.29,10.67,-11.21,-10.82
9,L,84,97,14,43,4,False,103.37,0.51,11.16,24.98,0.16,109.56,103.37,0.54,15.15,25.19,0.22,112.01,-2.0,105.8,109.8,-0.29,3.3,-12.01,-8.89
16,L,85,123,15,44,4,False,103.37,0.51,11.16,24.98,0.16,109.56,103.37,0.54,15.15,25.19,0.22,112.01,-10.0,106.4,117.6,-0.29,7.6,-12.01,-12.78
16,L,99,111,15,45,4,False,103.37,0.51,11.16,24.98,0.16,109.56,103.37,0.54,15.15,25.19,0.22,112.01,-1.0,104.2,121.2,-0.29,7.6,-12.58,-13.63
8,L,97,114,16,50,4,False,103.37,0.51,11.16,24.98,0.16,109.56,103.37,0.54,15.15,25.19,0.22,112.01,-1.0,109.4,110.2,3.51,4.72,-16.86,-13.38
14,W,110,98,16,49,4,False,103.37,0.51,11.16,24.98,0.16,109.56,103.37,0.54,15.15,25.19,0.22,112.01,1.0,111.4,120.0,-1.54,-10.22,-13.25,-11.73
5,L,92,115,17,55,4,False,103.37,0.51,11.16,24.98,0.16,109.56,103.37,0.54,15.15,25.19,0.22,112.01,1.0,111.8,111.8,-1.54,9.94,-13.27,-19.67
5,W,118,111,17,54,4,False,103.37,0.51,11.16,24.98,0.16,109.56,103.37,0.54,15.15,25.19,0.22,112.01,-5.0,106.4,115.2,-1.54,9.68,-13.27,-14.5
9,L,97,115,18,56,4,False,103.37,0.51,11.16,24.98,0.16,109.56,103.37,0.54,15.15,25.19,0.22,112.01,-1.0,101.4,107.2,-1.54,4.57,-13.27,-7.94
12,L,118,130,18,57,4,False,103.37,0.51,11.16,24.98,0.16,109.56,103.37,0.54,15.15,25.19,0.22,112.01,-8.0,104.4,118.6,-1.54,12.6,-13.63,-6.9
6,L,104,130,19,61,4,False,103.37,0.51,11.16,24.98,0.16,109.56,103.37,0.54,15.15,25.19,0.22,112.01,-1.0,114.0,113.0,2.4,12.97,-16.86,-14.18
5,W,120,110,20,61,4,False,103.37,0.51,11.16,24.98,0.16,109.56,103.37,0.54,15.15,25.19,0.22,112.01,1.0,105.6,111.0,-14.34,2.99,-14.64,-19.28
8,L,102,118,1,3,3,False,99.32,0.51,14.16,15.74,0.17,101.04,99.32,0.47,15.6,21.68,0.17,98.0,2.0,118.4,106.0,9.53,4.41,-9.06,-5.49
11,W,112,105,1,2,3,False,99.5,0.51,14.19,15.55,0.17,100.93,99.5,0.48,15.1,22.2,0.15,99.3,-2.0,118.2,116.4,10.4,8.23,-12.97,-2.83
6,L,105,114,2,4,3,False,99.4,0.51,13.31,15.32,0.16,102.51,99.4,0.47,15.36,21.06,0.15,95.36,1.0,118.8,111.8,10.41,7.57,-11.3,-11.72
7,L,101,123,2,6,3,False,99.98,0.5,13.89,14.66,0.17,98.78,99.98,0.45,16.15,21.79,0.14,92.27,1.0,110.8,106.8,9.48,11.96,-13.92,-14.28
8,W,119,108,3,6,3,False,99.44,0.5,14.21,16.25,0.16,99.63,99.44,0.46,15.46,21.75,0.14,94.77,-1.0,116.0,108.0,9.48,6.73,-14.72,-9.31
16,L,109,118,4,8,3,False,99.53,0.51,13.95,15.5,0.17,100.58,99.53,0.47,15.53,21.7,0.15,95.94,-2.0,105.8,111.8,9.48,7.56,-12.95,-15.01
15,W,102,97,4,9,3,False,99.53,0.51,13.95,15.5,0.17,100.58,99.53,0.47,15.53,21.7,0.15,95.94,-1.0,108.4,107.8,10.52,6.03,-13.41,-7.53
15,L,100,118,5,11,3,False,99.53,0.51,13.95,15.5,0.17,100.58,99.53,0.47,15.53,21.7,0.15,95.94,1.0,107.0,101.8,10.52,6.03,-14.98,-7.96
16,W,120,113,5,14,3,False,99.53,0.51,13.95,15.5,0.17,100.58,99.53,0.47,15.53,21.7,0.15,95.94,-1.0,107.6,112.2,-1.55,7.56,-14.73,-14.51
16,L,129,133,9,16,3,False,99.53,0.51,13.95,15.5,0.17,100.58,99.53,0.47,15.53,21.7,0.15,95.94,1.0,108.0,112.2,2.61,7.56,-15.28,-14.97
7,L,106,114,9,17,3,False,99.53,0.51,13.95,15.5,0.17,100.58,99.53,0.47,15.53,21.7,0.15,95.94,-3.0,108.8,110.0,2.61,7.8,-15.28,-14.23
15,W,124,116,9,16,3,False,99.53,0.51,13.95,15.5,0.17,100.58,99.53,0.47,15.53,21.7,0.15,95.94,-1.0,103.8,103.8,4.87,-1.57,-16.9,-8.45
15,L,116,118,10,18,3,False,99.53,0.51,13.95,15.5,0.17,100.58,99.53,0.47,15.53,21.7,0.15,95.94,1.0,106.0,106.4,2.61,-1.57,-15.28,-8.63
13,W,124,108,11,17,3,False,99.53,0.51,13.95,15.5,0.17,100.58,99.53,0.47,15.53,21.7,0.15,95.94,-2.0,116.0,110.5,4.87,13.25,-16.9,-9.74
5,L,95,109,13,19,3,False,99.53,0.51,13.95,15.5,0.17,100.58,99.53,0.47,15.53,21.7,0.15,95.94,-3.0,103.8,113.4,4.87,-1.65,-16.9,-13.79
11,L,104,120,14,20,3,False,99.53,0.51,13.95,15.5,0.17,100.58,99.53,0.47,15.53,21.7,0.15,95.94,1.0,116.2,114.4,-0.08,6.72,-17.9,-9.58
10,W,124,119,17,21,3,False,99.53,0.51,13.95,15.5,0.17,100.58,99.53,0.47,15.53,21.7,0.15,95.94,2.0,120.8,120.0,10.52,10.43,-14.44,-15.62
9,L,131,140,18,23,3,False,99.53,0.51,13.95,15.5,0.17,100.58,99.53,0.47,15.53,21.7,0.15,95.94,1.0,108.0,123.5,10.52,7.6,-14.44,-13.62
5,L,91,109,19,24,3,False,99.53,0.51,13.95,15.5,0.17,100.58,99.53,0.47,15.53,21.7,0.15,95.94,-1.0,103.2,116.4,10.52,9.1,-14.44,-13.44
14,W,125,96,20,23,3,False,99.53,0.51,13.95,15.5,0.17,100.58,99.53,0.47,15.53,21.7,0.15,95.94,2.0,108.2,111.5,4.87,-2.72,-16.9,-11.06
13,L,132,141,21,26,3,False,99.53,0.51,13.95,15.5,0.17,100.58,99.53,0.47,15.53,21.7,0.15,95.94,2.0,117.6,110.0,4.87,16.37,-16.9,-11.9
17,W,129,123,23,27,3,False,99.53,0.51,13.95,15.5,0.17,100.58,99.53,0.47,15.53,21.7,0.15,95.94,1.0,130.8,130.8,4.44,12.95,-15.81,-14.22
14,W,118,110,24,27,3,False,99.53,0.51,13.95,15.5,0.17,100.58,99.53,0.47,15.53,21.7,0.15,95.94,2.0,111.6,108.4,3.88,-2.98,-15.46,-10.14
5,L,105,108,26,30,3,False,99.53,0.51,13.95,15.5,0.17,100.58,99.53,0.47,15.53,21.7,0.15,95.94,-1.0,102.2,112.6,2.17,15.82,-13.52,-8.46
8,L,95,105,27,32,3,False,99.53,0.51,13.95,15.5,0.17,100.58,99.53,0.47,15.53,21.7,0.15,95.94,1.0,113.4,106.0,3.88,8.88,-20.48,-13.86
5,W,132,123,27,31,3,False,99.53,0.51,13.95,15.5,0.17,100.58,99.53,0.47,15.53,21.7,0.15,95.94,-1.0,102.8,113.6,2.17,15.82,-22.07,-9.78
16,L,97,113,28,33,3,False,99.53,0.51,13.95,15.5,0.17,100.58,99.53,0.47,15.53,21.7,0.15,95.94,-1.0,110.0,116.2,3.88,7.6,-17.2,-12.48
9,W,125,122,30,32,3,False,99.53,0.51,13.95,15.5,0.17,100.58,99.53,0.47,15.53,21.7,0.15,95.94,-1.0,112.6,126.8,3.88,3.3,-17.11,-5.42
12,L,102,112,31,34,3,False,99.53,0.51,13.95,15.5,0.17,100.58,99.53,0.47,15.53,21.7,0.15,95.94,-1.0,112.5,113.0,3.88,12.6,-17.11,-12.01
6,L,92,127,31,35,3,False,99.53,0.51,13.95,15.5,0.17,100.58,99.53,0.47,15.53,21.7,0.15,95.94,-1.0,116.0,112.2,3.88,12.97,-17.11,-8.16
11,W,132,129,31,34,3,False,99.53,0.51,13.95,15.5,0.17,100.58,99.53,0.47,15.53,21.7,0.15,95.94,-1.0,112.2,116.6,3.88,10.67,-17.11,-14.63
12,L,111,126,32,36,3,False,99.53,0.51,13.95,15.5,0.17,100.58,99.53,0.47,15.53,21.7,0.15,95.94,-1.0,110.4,112.8,1.72,11.94,-17.25,-12.02
10,L,117,127,34,37,3,False,99.53,0.51,13.95,15.5,0.17,100.58,99.53,0.47,15.53,21.7,0.15,95.94,3.0,121.4,119.8,1.72,9.44,-15.57,-15.33
11,W,125,99,34,38,3,False,99.53,0.51,13.95,15.5,0.17,100.58,99.53,0.47,15.53,21.7,0.15,95.94,1.0,116.6,119.2,3.88,10.67,-14.85,-13.23
17,W,109,101,35,39,3,False,99.53,0.51,13.95,15.5,0.17,100.58,99.53,0.47,15.53,21.7,0.15,95.94,1.0,130.4,129.2,3.88,10.59,-14.77,-16.84
8,W,127,105,37,42,3,False,99.53,0.51,13.95,15.5,0.17,100.58,99.53,0.47,15.53,21.7,0.15,95.94,-1.0,107.2,105.4,6.8,-9.72,-18.52,-12.22
15,L,91,112,40,45,3,False,99.53,0.51,13.95,15.5,0.17,100.58,99.53,0.47,15.53,21.7,0.15,95.94,-1.0,106.6,110.2,3.88,2.98,-12.43,-2.86
11,L,113,125,1,3,5,False,97.2,0.51,15.24,25.18,0.17,105.0,97.2,0.5,16.8,26.0,0.11,100.34,1.0,121.6,115.8,4.57,7.98,-16.69,-3.76
11,L,116,121,2,5,5,False,97.44,0.5,14.37,26.32,0.19,105.6,97.44,0.52,15.88,26.44,0.1,104.17,-2.0,118.8,116.0,17.84,4.47,-8.34,-7.17
9,W,115,104,2,4,5,False,98.11,0.5,14.56,24.78,0.2,105.24,98.11,0.5,15.08,24.63,0.1,100.98,-2.0,96.5,106.5,16.83,8.37,-10.08,-1.54
9,W,118,110,3,5,5,False,98.63,0.52,13.79,22.92,0.18,107.03,98.63,0.52,15.47,26.09,0.1,104.64,1.0,100.2,106.0,14.71,9.05,-10.1,-7.18
8,W,108,100,5,6,5,False,98.8,0.52,13.55,22.82,0.18,108.17,98.8,0.53,14.69,26.83,0.11,107.77,1.0,110.8,93.2,6.8,4.6,-13.26,-5.6
7,W,121,109,6,6,5,False,98.04,0.51,14.3,24.4,0.18,106.21,98.04,0.51,15.58,26.0,0.1,103.58,-2.0,108.8,109.8,6.8,7.8,-13.44,-16.4
15,L,96,129,8,8,5,False,98.04,0.51,14.3,24.4,0.18,106.21,98.04,0.51,15.58,26.0,0.1,103.58,-1.0,106.8,104.6,5.06,0.37,-14.04,-5.41
13,L,115,121,8,9,5,False,98.04,0.51,14.3,24.4,0.18,106.21,98.04,0.51,15.58,26.0,0.1,103.58,1.0,112.8,111.5,15.82,13.08,-9.7,-10.7
8,W,110,101,10,9,5,False,98.04,0.51,14.3,24.4,0.18,106.21,98.04,0.51,15.58,26.0,0.1,103.58,2.0,109.8,91.4,15.82,7.44,-9.7,-3.17
15,W,111,99,12,9,5,False,98.04,0.51,14.3,24.4,0.18,106.21,98.04,0.51,15.58,26.0,0.1,103.58,-1.0,105.0,107.0,11.17,-1.57,-15.12,-11.45
10,W,135,130,14,12,5,False,98.04,0.51,14.3,24.4,0.18,106.21,98.04,0.51,15.58,26.0,0.1,103.58,4.0,112.2,97.5,9.1,15.29,-13.44,-14.09
6,W,113,110,17,13,5,False,98.04,0.51,14.3,24.4,0.18,106.21,98.04,0.51,15.58,26.0,0.1,103.58,3.0,107.8,101.2,-1.65,5.26,-13.79,-11.28
16,L,111,119,18,15,5,False,98.04,0.51,14.3,24.4,0.18,106.21,98.04,0.51,15.58,26.0,0.1,103.58,1.0,112.2,110.6,9.1,7.56,-12.88,-15.7
16,W,135,95,23,15,5,False,98.04,0.51,14.3,24.4,0.18,106.21,98.04,0.51,15.58,26.0,0.1,103.58,-1.0,107.8,111.4,9.1,-0.63,-12.88,-13.66
16,L,116,126,26,17,5,False,98.04,0.51,14.3,24.4,0.18,106.21,98.04,0.51,15.58,26.0,0.1,103.58,6.0,115.2,107.8,9.1,7.56,-10.05,-13.99
16,W,112,100,26,16,5,False,98.04,0.51,14.3,24.4,0.18,106.21,98.04,0.51,15.58,26.0,0.1,103.58,-1.0,118.0,109.6,9.1,7.56,-13.92,-14.34
12,W,118,108,27,16,5,False,98.04,0.51,14.3,24.4,0.18,106.21,98.04,0.51,15.58,26.0,0.1,103.58,1.0,112.8,102.0,13.75,9.88,-11.76,-6.17
8,W,128,121,28,16,5,False,98.04,0.51,14.3,24.4,0.18,106.21,98.04,0.51,15.58,26.0,0.1,103.58,1.0,109.4,94.0,15.82,4.72,-9.8,-5.86
14,W,108,101,29,16,5,False,98.04,0.51,14.3,24.4,0.18,106.21,98.04,0.51,15.58,26.0,0.1,103.58,1.0,117.2,117.5,11.17,-3.92,-9.7,-6.94
6,W,121,119,37,19,5,False,98.04,0.51,14.3,24.4,0.18,106.21,98.04,0.51,15.58,26.0,0.1,103.58,2.0,108.8,103.0,15.82,14.93,-9.78,-6.77
8,W,110,100,38,20,5,False,98.04,0.51,14.3,24.4,0.18,106.21,98.04,0.51,15.58,26.0,0.1,103.58,3.0,114.6,99.4,9.68,8.88,-4.48,-13.18
17,W,113,104,40,22,5,False,98.04,0.51,14.3,24.4,0.18,106.21,98.04,0.51,15.58,26.0,0.1,103.58,-1.0,117.8,118.0,0.53,9.57,-15.68,-16.24
10,L,103,117,42,26,5,False,98.04,0.51,14.3,24.4,0.18,106.21,98.04,0.51,15.58,26.0,0.1,103.58,2.0,116.8,104.0,9.55,9.44,-13.24,-15.33
11,W,108,103,42,25,5,False,98.04,0.51,14.3,24.4,0.18,106.21,98.04,0.51,15.58,26.0,0.1,103.58,-1.0,118.4,117.8,5.79,10.67,-18.63,-14.38
15,L,104,107,43,27,5,False,98.04,0.51,14.3,24.4,0.18,106.21,98.04,0.51,15.58,26.0,0.1,103.58,3.0,104.6,109.4,5.79,-1.05,-20.31,-12.11
17,L,91,104,43,28,5,False,98.04,0.51,14.3,24.4,0.18,106.21,98.04,0.51,15.58,26.0,0.1,103.58,1.0,116.8,115.2,5.79,10.59,-20.31,-16.84
15,L,84,121,43,29,5,False,98.04,0.51,14.3,24.4,0.18,106.21,98.04,0.51,15.58,26.0,0.1,103.58,-1.0,106.0,110.8,9.94,4.61,-18.83,-10.24
7,L,101,130,45,31,5,False,98.04,0.51,14.3,24.4,0.18,106.21,98.04,0.51,15.58,26.0,0.1,103.58,3.0,111.2,109.6,15.82,7.8,-12.42,-16.02
13,L,97,116,46,33,5,False,98.04,0.51,14.3,24.4,0.18,106.21,98.04,0.51,15.58,26.0,0.1,103.58,-2.0,113.2,113.4,15.82,15.44,-15.39,-10.97
12,L,118,120,46,34,5,False,98.04,0.51,14.3,24.4,0.18,106.21,98.04,0.51,15.58,26.0,0.1,103.58,2.0,113.8,103.2,12.06,5.11,-16.71,-7.82
14,W,110,98,46,33,5,False,98.04,0.51,14.3,24.4,0.18,106.21,98.04,0.51,15.58,26.0,0.1,103.58,4.0,115.4,114.2,15.82,-16.0,-13.45,-4.01
11,W,129,120,47,33,5,False,98.04,0.51,14.3,24.4,0.18,106.21,98.04,0.51,15.58,26.0,0.1,103.58,1.0,114.8,111.4,15.82,10.67,-13.45,-15.17
14,W,125,110,2,0,6,False,95.36,0.48,10.96,20.5,0.2,105.72,95.36,0.56,13.4,20.8,0.19,112.4,-1.0,109.0,103.0,6.5,7.05,-11.7,-0.87
7,L,114,125,4,2,6,False,96.55,0.49,11.17,20.8,0.2,106.5,96.55,0.56,13.02,20.86,0.19,113.18,-3.0,110.4,103.8,14.2,11.96,-10.11,-14.25
12,W,144,126,6,2,6,False,97.4,0.47,11.67,20.62,0.22,103.76,97.4,0.56,13.3,20.49,0.2,113.94,2.0,101.8,105.8,13.13,19.78,-8.5,-11.5
16,L,125,132,9,5,6,False,98.2,0.46,12.14,20.06,0.22,100.96,98.2,0.56,14.6,19.97,0.18,109.94,-1.0,108.2,111.0,13.13,3.92,-11.66,-13.31
13,W,104,101,9,5,6,False,97.94,0.49,11.71,21.78,0.21,106.09,97.94,0.55,13.84,21.1,0.19,110.63,2.0,118.0,112.2,13.13,13.08,-11.63,-7.27
12,L,88,107,10,7,6,False,97.09,0.48,11.53,20.75,0.21,104.61,97.09,0.56,13.63,20.64,0.19,112.02,1.0,111.2,111.2,9.45,12.6,-10.67,-6.43
10,W,121,115,10,6,6,False,97.09,0.48,11.53,20.75,0.21,104.61,97.09,0.56,13.63,20.64,0.19,112.02,7.0,110.8,103.6,14.3,15.29,-12.28,-16.31
14,L,94,108,11,8,6,False,97.09,0.48,11.53,20.75,0.21,104.61,97.09,0.56,13.63,20.64,0.19,112.02,3.0,113.2,106.8,5.89,4.89,-17.84,-8.42
14,W,120,113,13,8,6,False,97.09,0.48,11.53,20.75,0.21,104.61,97.09,0.56,13.63,20.64,0.19,112.02,-1.0,104.6,109.2,-0.8,4.42,-16.34,-8.55
13,W,127,125,14,8,6,False,97.09,0.48,11.53,20.75,0.21,104.61,97.09,0.56,13.63,20.64,0.19,112.02,1.0,113.2,110.4,1.75,13.25,-14.27,-6.65
17,L,101,119,15,10,6,False,97.09,0.48,11.53,20.75,0.21,104.61,97.09,0.56,13.63,20.64,0.19,112.02,-2.0,107.2,112.6,4.89,12.95,-14.27,-13.31
7,L,104,130,16,11,6,False,97.09,0.48,11.53,20.75,0.21,104.61,97.09,0.56,13.63,20.64,0.19,112.02,-1.0,112.6,111.0,2.9,11.96,-15.39,-11.27
12,L,111,120,16,12,6,False,97.09,0.48,11.53,20.75,0.21,104.61,97.09,0.56,13.63,20.64,0.19,112.02,-1.0,108.2,112.4,2.9,2.32,-13.12,-4.94
10,L,96,122,16,13,6,False,97.09,0.48,11.53,20.75,0.21,104.61,97.09,0.56,13.63,20.64,0.19,112.02,1.0,113.0,108.4,-2.12,15.29,-18.6,-15.9
17,L,110,118,18,15,6,False,97.09,0.48,11.53,20.75,0.21,104.61,97.09,0.56,13.63,20.64,0.19,112.02,-1.0,105.4,114.8,-4.77,12.95,-11.07,-12.8
9,W,132,122,18,14,6,False,97.09,0.48,11.53,20.75,0.21,104.61,97.09,0.56,13.63,20.64,0.19,112.02,-2.0,116.6,117.6,1.1,6.52,-7.93,-10.98
17,W,115,108,21,15,6,False,97.09,0.48,11.53,20.75,0.21,104.61,97.09,0.56,13.63,20.64,0.19,112.02,-2.0,108.4,115.2,9.77,12.95,-12.28,-14.31
14,L,103,120,22,17,6,False,97.09,0.48,11.53,20.75,0.21,104.61,97.09,0.56,13.63,20.64,0.19,112.02,3.0,107.0,109.4,9.77,2.89,-10.03,-6.83
13,L,110,127,24,19,6,False,97.09,0.48,11.53,20.75,0.21,104.61,97.09,0.56,13.63,20.64,0.19,112.02,4.0,113.8,112.4,13.5,16.37,-12.63,-11.61
17,L,87,121,26,23,6,False,97.09,0.48,11.53,20.75,0.21,104.61,97.09,0.56,13.63,20.64,0.19,112.02,3.0,110.2,113.6,-0.78,12.95,-16.73,-12.99
16,L,117,129,26,24,6,False,97.09,0.48,11.53,20.75,0.21,104.61,97.09,0.56,13.63,20.64,0.19,112.02,-1.0,111.6,115.2,7.61,2.18,-12.67,-12.15
11,L,111,133,33,25,6,False,97.09,0.48,11.53,20.75,0.21,104.61,97.09,0.56,13.63,20.64,0.19,112.02,1.0,118.5,109.8,14.93,9.82,-6.77,-13.9
11,L,120,137,34,29,6,False,97.09,0.48,11.53,20.75,0.21,104.61,97.09,0.56,13.63,20.64,0.19,112.02,-1.0,117.0,114.4,14.93,10.67,-9.24,-12.68
15,W,114,108,34,28,6,False,97.09,0.48,11.53,20.75,0.21,104.61,97.09,0.56,13.63,20.64,0.19,112.02,-2.0,113.5,110.8,12.97,7.91,-8.16,-11.21
8,W,142,124,35,28,6,False,97.09,0.48,11.53,20.75,0.21,104.61,97.09,0.56,13.63,20.64,0.19,112.02,1.0,120.8,108.8,12.97,8.88,-9.06,-15.69
9,W,109,99,37,28,6,False,97.09,0.48,11.53,20.75,0.21,104.61,97.09,0.56,13.63,20.64,0.19,112.02,1.0,119.2,120.2,12.97,0.78,-8.16,-10.25
7,W,107,105,38,29,6,False,97.09,0.48,11.53,20.75,0.21,104.61,97.09,0.56,13.63,20.64,0.19,112.02,-1.0,108.0,117.2,12.97,11.96,-10.86,-12.22
10,W,125,107,44,29,6,False,97.09,0.48,11.53,20.75,0.21,104.61,97.09,0.56,13.63,20.64,0.19,112.02,-3.0,113.8,112.6,12.97,9.44,-10.86,-15.78
9,L,100,104,45,31,6,False,97.09,0.48,11.53,20.75,0.21,104.61,97.09,0.56,13.63,20.64,0.19,112.02,4.0,119.0,116.0,12.97,5.51,-12.1,-8.61
9,W,108,106,46,30,6,False,97.09,0.48,11.53,20.75,0.21,104.61,97.09,0.56,13.63,20.64,0.19,112.02,-1.0,115.8,114.2,0.97,4.68,-13.44,-7.91
10,W,147,136,47,30,6,False,97.09,0.48,11.53,20.75,0.21,104.61,97.09,0.56,13.63,20.64,0.19,112.02,7.0,116.4,112.8,12.97,9.44,-14.18,-17.53
15,W,111,92,49,30,6,False,97.09,0.48,11.53,20.75,0.21,104.61,97.09,0.56,13.63,20.64,0.19,112.02,1.0,113.6,110.2,12.97,7.92,-11.38,-12.14
8,L,89,107,50,32,6,False,97.09,0.48,11.53,20.75,0.21,104.61,97.09,0.56,13.63,20.64,0.19,112.02,2.0,125.0,111.8,-0.76,-14.88,-14.4,-9.36
12,L,97,109,0,2,6,True,97.09,0.48,11.53,20.75,0.21,104.61,97.09,0.56,13.63,20.64,0.19,112.02,-2.0,110.2,113.8,12.97,3.46,-9.47,-4.73
12,W,96,93,0,1,6,True,97.09,0.48,11.53,20.75,0.21,104.61,97.09,0.56,13.63,20.64,0.19,112.02,-1.0,110.0,113.2,12.97,12.6,-9.47,-6.5
12,W,101,90,1,1,6,True,97.09,0.48,11.53,20.75,0.21,104.61,97.09,0.56,13.63,20.64,0.19,112.02,1.0,107.2,111.0,12.97,12.6,-10.64,-6.5
12,L,111,116,2,3,6,True,97.09,0.48,11.53,20.75,0.21,104.61,97.09,0.56,13.63,20.64,0.19,112.02,2.0,98.6,103.8,12.97,3.46,-10.64,-4.73
12,W,123,93,2,2,6,True,97.09,0.48,11.53,20.75,0.21,104.61,97.09,0.56,13.63,20.64,0.19,112.02,-1.0,103.2,105.6,12.97,3.46,-10.64,-4.73
12,W,114,101,3,2,6,True,97.09,0.48,11.53,20.75,0.21,104.61,97.09,0.56,13.63,20.64,0.19,112.02,1.0,105.6,100.2,12.97,5.11,-10.64,-5.76
17,W,108,105,8,4,6,True,97.09,0.48,11.53,20.75,0.21,104.61,97.09,0.56,13.63,20.64,0.19,112.02,-1.0,106.8,118.0,12.97,12.95,-7.78,-14.46
17,W,109,108,9,4,6,True,97.09,0.48,11.53,20.75,0.21,104.61,97.09,0.56,13.63,20.64,0.19,112.02,3.0,104.2,114.2,12.97,12.95,-7.78,-14.46
17,W,116,107,10,4,6,True,97.09,0.48,11.53,20.75,0.21,104.61,97.09,0.56,13.63,20.64,0.19,112.02,4.0,105.8,112.0,12.97,12.95,-7.78,-14.46
17,L,100,105,11,6,6,True,97.09,0.48,11.53,20.75,0.21,104.61,97.09,0.56,13.63,20.64,0.19,112.02,5.0,107.0,109.8,12.97,12.95,-9.06,-14.46
17,W,124,103,11,5,6,True,97.09,0.48,11.53,20.75,0.21,104.61,97.09,0.56,13.63,20.64,0.19,112.02,-1.0,104.0,109.2,12.97,12.95,-8.16,-14.46
13,W,119,107,0,0,7,False,95.9,0.49,11.48,23.2,0.15,105.18,95.9,0.52,14.12,18.8,0.14,103.2,6.0,118.8,111.4,11.79,9.64,-15.35,-6.91
14,W,108,104,1,0,7,False,96.08,0.48,11.98,22.26,0.14,102.42,96.08,0.53,14.4,19.76,0.12,103.62,3.0,110.4,106.2,12.87,4.92,-13.28,-2.12
17,L,89,110,4,2,7,False,96.3,0.49,12.33,22.71,0.13,102.9,96.3,0.53,13.96,20.37,0.1,104.54,1.0,114.2,105.4,14.39,13.18,-9.98,-12.0
9,W,108,105,7,1,7,False,96.52,0.48,12.6,22.25,0.13,101.22,96.52,0.51,14.34,22.79,0.1,102.77,1.0,119.6,114.6,7.8,7.6,-16.17,-6.84
10,L,104,107,8,3,7,False,95.96,0.48,12.86,24.3,0.14,101.92,95.96,0.51,14.9,22.46,0.11,101.99,-1.0,120.2,110.0,7.8,15.29,-15.19,-12.73
12,W,111,108,8,2,7,False,96.15,0.48,12.25,22.94,0.14,102.73,96.15,0.52,14.34,20.84,0.11,103.22,1.0,122.4,107.4,7.8,17.78,-15.19,-10.12
8,W,107,103,9,4,7,False,96.15,0.48,12.25,22.94,0.14,102.73,96.15,0.52,14.34,20.84,0.11,103.22,1.0,113.5,106.5,7.8,6.82,-16.36,-5.78
10,L,86,105,10,7,7,False,96.15,0.48,12.25,22.94,0.14,102.73,96.15,0.52,14.34,20.84,0.11,103.22,-1.0,117.8,111.2,7.8,15.29,-16.36,-13.69
12,W,113,104,11,6,7,False,96.15,0.48,12.25,22.94,0.14,102.73,96.15,0.52,14.34,20.84,0.11,103.22,1.0,119.2,106.0,-6.29,12.6,-15.58,-9.56
10,W,134,124,12,6,7,False,96.15,0.48,12.25,22.94,0.14,102.73,96.15,0.52,14.34,20.84,0.11,103.22,-2.0,109.2,109.6,6.79,9.37,-13.89,-17.56
12,L,102,111,14,9,7,False,96.15,0.48,12.25,22.94,0.14,102.73,96.15,0.52,14.34,20.84,0.11,103.22,2.0,119.0,106.0,11.96,12.6,-12.8,-4.79
10,L,106,114,14,10,7,False,96.15,0.48,12.25,22.94,0.14,102.73,96.15,0.52,14.34,20.84,0.11,103.22,3.0,112.0,114.4,11.96,15.29,-13.1,-13.98
9,W,120,114,21,10,7,False,96.15,0.48,12.25,22.94,0.14,102.73,96.15,0.52,14.34,20.84,0.11,103.22,4.0,116.0,111.4,11.96,5.29,-14.3,-8.26
14,W,142,105,22,10,7,False,96.15,0.48,12.25,22.94,0.14,102.73,96.15,0.52,14.34,20.84,0.11,103.22,2.0,108.4,102.6,9.09,6.0,-13.75,0.97
9,W,130,127,24,11,7,False,96.15,0.48,12.25,22.94,0.14,102.73,96.15,0.52,14.34,20.84,0.11,103.22,5.0,120.4,113.8,11.96,10.05,-13.85,-11.89
8,W,131,114,25,12,7,False,96.15,0.48,12.25,22.94,0.14,102.73,96.15,0.52,14.34,20.84,0.11,103.22,1.0,112.2,105.8,11.96,7.4,-13.48,-4.39
11,W,117,109,27,13,7,False,96.15,0.48,12.25,22.94,0.14,102.73,96.15,0.52,14.34,20.84,0.11,103.22,9.0,120.5,111.5,11.96,2.86,-13.7,-13.31
11,W,114,109,30,14,7,False,96.15,0.48,12.25,22.94,0.14,102.73,96.15,0.52,14.34,20.84,0.11,103.22,2.0,119.8,111.0,11.96,6.06,-14.0,-12.58
16,W,113,107,32,15,7,False,96.15,0.48,12.25,22.94,0.14,102.73,96.15,0.52,14.34,20.84,0.11,103.22,3.0,118.2,108.2,11.96,7.56,-14.0,-14.34
13,W,114,106,35,16,7,False,96.15,0.48,12.25,22.94,0.14,102.73,96.15,0.52,14.34,20.84,0.11,103.22,1.0,118.2,111.0,7.01,8.97,-11.94,-8.8
16,L,95,112,36,19,7,False,96.15,0.48,12.25,22.94,0.14,102.73,96.15,0.52,14.34,20.84,0.11,103.22,2.0,117.2,108.0,11.96,7.6,-14.04,-15.02
9,W,119,103,38,19,7,False,96.15,0.48,12.25,22.94,0.14,102.73,96.15,0.52,14.34,20.84,0.11,103.22,2.0,120.8,114.6,11.96,3.3,-14.36,-6.87
15,W,103,97,40,19,7,False,96.15,0.48,12.25,22.94,0.14,102.73,96.15,0.52,14.34,20.84,0.11,103.22,3.0,104.6,96.4,11.96,7.91,-14.31,-6.0
13,W,124,114,41,19,7,False,96.15,0.48,12.25,22.94,0.14,102.73,96.15,0.52,14.34,20.84,0.11,103.22,3.0,114.6,107.0,10.8,15.44,-15.8,-9.21
15,W,100,88,45,20,7,False,96.15,0.48,12.25,22.94,0.14,102.73,96.15,0.52,14.34,20.84,0.11,103.22,5.0,104.4,97.2,11.96,7.91,-12.22,-10.79
17,W,115,112,47,21,7,False,96.15,0.48,12.25,22.94,0.14,102.73,96.15,0.52,14.34,20.84,0.11,103.22,-1.0,110.2,111.4,11.96,5.37,-15.57,-17.22
14,W,128,103,50,21,7,False,96.15,0.48,12.25,22.94,0.14,102.73,96.15,0.52,14.34,20.84,0.11,103.22,6.0,112.4,101.8,6.42,1.44,-18.71,-13.71
17,L,98,111,51,24,7,False,96.15,0.48,12.25,22.94,0.14,102.73,96.15,0.52,14.34,20.84,0.11,103.22,1.0,108.8,111.2,7.8,10.59,-16.93,-16.84
12,L,100,102,53,25,7,False,96.15,0.48,12.25,22.94,0.14,102.73,96.15,0.52,14.34,20.84,0.11,103.22,-2.0,115.0,110.0,7.8,5.11,-15.67,-7.7
17,W,116,107,55,24,7,False,96.15,0.48,12.25,22.94,0.14,102.73,96.15,0.52,14.34,20.84,0.11,103.22,-2.0,104.4,111.2,11.96,10.59,-14.31,-17.41
14,W,126,111,56,25,7,False,96.15,0.48,12.25,22.94,0.14,102.73,96.15,0.52,14.34,20.84,0.11,103.22,4.0,117.0,104.2,11.96,-12.54,-14.3,-4.74
13,W,114,103,0,0,7,True,96.15,0.48,12.25,22.94,0.14,102.73,96.15,0.52,14.34,20.84,0.11,103.22,6.0,117.8,109.2,11.96,15.44,-13.1,-10.09
13,W,101,99,1,0,7,True,96.15,0.48,12.25,22.94,0.14,102.73,96.15,0.52,14.34,20.84,0.11,103.22,1.0,116.8,108.2,11.96,15.44,-14.3,-10.09
13,W,112,105,2,0,7,True,96.15,0.48,12.25,22.94,0.14,102.73,96.15,0.52,14.34,20.84,0.11,103.22,2.0,114.4,105.8,11.96,15.44,-13.1,-10.09
13,L,108,119,3,2,7,True,96.15,0.48,12.25,22.94,0.14,102.73,96.15,0.52,14.34,20.84,0.11,103.22,3.0,113.0,105.4,11.96,15.44,-13.1,-7.92
13,W,108,106,3,1,7,True,96.15,0.48,12.25,22.94,0.14,102.73,96.15,0.52,14.34,20.84,0.11,103.22,-1.0,111.8,108.0,11.96,15.44,-13.1,-8.81
17,L,99,106,4,3,7,True,96.15,0.48,12.25,22.94,0.14,102.73,96.15,0.52,14.34,20.84,0.11,103.22,3.0,106.0,109.8,11.96,12.95,-13.1,-14.46
17,L,80,106,4,4,7,True,96.15,0.48,12.25,22.94,0.14,102.73,96.15,0.52,14.34,20.84,0.11,103.22,-1.0,103.4,109.2,11.96,11.46,-13.1,-16.28
17,W,117,90,4,3,7,True,96.15,0.48,12.25,22.94,0.14,102.73,96.15,0.52,14.34,20.84,0.11,103.22,-2.0,101.6,108.4,11.96,12.95,-13.1,-14.46
17,W,115,107,5,3,7,True,96.15,0.48,12.25,22.94,0.14,102.73,96.15,0.52,14.34,20.84,0.11,103.22,1.0,102.0,104.0,11.96,12.95,-13.1,-14.46
17,W,112,97,6,3,7,True,96.15,0.48,12.25,22.94,0.14,102.73,96.15,0.52,14.34,20.84,0.11,103.22,2.0,105.4,103.2,11.96,9.31,-13.1,-12.63
17,L,70,115,7,5,7,True,96.15,0.48,12.25,22.94,0.14,102.73,96.15,0.52,14.34,20.84,0.11,103.22,3.0,104.6,101.2,11.96,12.95,-13.1,-14.46
17,L,90,98,7,6,7,True,96.15,0.48,12.25,22.94,0.14,102.73,96.15,0.52,14.34,20.84,0.11,103.22,-1.0,98.8,103.0,11.96,12.95,-13.1,-14.46
15,L,102,103,0,2,8,False,98.54,0.47,11.46,23.24,0.22,104.78,98.54,0.53,15.08,25.0,0.22,108.7,-10.0,106.2,109.2,0.84,11.14,-2.58,-11.05
9,L,109,120,2,7,8,False,97.41,0.46,11.87,24.49,0.23,103.46,97.41,0.53,15.88,24.42,0.21,107.2,1.0,109.5,110.0,6.73,9.05,-12.91,-6.4
16,L,118,120,2,8,8,False,98.57,0.46,11.81,24.51,0.21,101.89,98.57,0.53,15.53,21.94,0.21,105.72,-6.0,109.4,126.6,8.79,7.6,-11.43,-12.31
11,L,113,136,2,15,8,False,99.14,0.45,11.71,25.77,0.2,102.01,99.14,0.54,15.22,22.91,0.22,108.26,1.0,118.0,114.8,6.82,7.97,-5.78,-8.41
13,L,107,133,2,17,8,False,98.85,0.44,11.69,24.52,0.22,100.13,98.85,0.55,15.42,23.59,0.21,109.24,-3.0,115.0,120.8,8.88,13.08,-7.01,-12.53
14,L,102,116,2,20,8,False,98.5,0.46,11.71,24.51,0.22,102.45,98.5,0.54,15.43,23.57,0.21,107.82,-2.0,102.5,121.5,10.66,4.89,-2.85,-7.84
11,L,123,131,2,22,8,False,98.5,0.46,11.71,24.51,0.22,102.45,98.5,0.54,15.43,23.57,0.21,107.82,-13.0,116.4,118.6,9.15,7.97,-5.61,-8.71
16,L,114,146,2,25,8,False,98.5,0.46,11.71,24.51,0.22,102.45,98.5,0.54,15.43,23.57,0.21,107.82,-6.0,112.8,124.4,7.29,2.31,-4.25,-16.92
10,L,113,136,3,31,8,False,98.5,0.46,11.71,24.51,0.22,102.45,98.5,0.54,15.43,23.57,0.21,107.82,-8.0,112.0,114.5,8.11,10.43,-4.83,-11.19
9,L,109,113,3,33,8,False,98.5,0.46,11.71,24.51,0.22,102.45,98.5,0.54,15.43,23.57,0.21,107.82,-5.0,109.4,112.0,7.4,10.05,-4.39,-11.89
10,L,110,112,3,37,8,False,98.5,0.46,11.71,24.51,0.22,102.45,98.5,0.54,15.43,23.57,0.21,107.82,-1.0,112.2,118.8,3.19,10.43,-7.68,-15.62
17,L,117,124,4,38,8,False,98.5,0.46,11.71,24.51,0.22,102.45,98.5,0.54,15.43,23.57,0.21,107.82,1.0,118.2,117.0,6.26,12.95,-9.63,-12.99
16,L,135,141,4,39,8,False,98.5,0.46,11.71,24.51,0.22,102.45,98.5,0.54,15.43,23.57,0.21,107.82,-23.0,114.0,131.6,3.75,7.56,-6.14,-13.4
16,L,113,122,4,40,8,False,98.5,0.46,11.71,24.51,0.22,102.45,98.5,0.54,15.43,23.57,0.21,107.82,-2.0,122.8,136.6,3.75,7.56,-6.14,-13.4
12,L,125,136,6,43,8,False,98.5,0.46,11.71,24.51,0.22,102.45,98.5,0.54,15.43,23.57,0.21,107.82,-6.0,105.0,112.8,8.11,9.88,-6.57,-6.17
12,L,106,112,8,45,8,False,98.5,0.46,11.71,24.51,0.22,102.45,98.5,0.54,15.43,23.57,0.21,107.82,-2.0,109.0,117.4,2.99,12.6,-13.5,-8.23
13,L,111,125,8,46,8,False,98.5,0.46,11.71,24.51,0.22,102.45,98.5,0.54,15.43,23.57,0.21,107.82,-15.0,113.4,123.2,3.55,15.44,-14.38,-10.95
11,L,115,129,8,48,8,False,98.5,0.46,11.71,24.51,0.22,102.45,98.5,0.54,15.43,23.57,0.21,107.82,-20.0,118.0,120.0,3.55,9.82,-11.74,-13.9
15,L,110,118,9,53,8,False,98.5,0.46,11.71,24.51,0.22,102.45,98.5,0.54,15.43,23.57,0.21,107.82,-1.0,104.2,106.8,8.88,7.91,-13.63,-8.86
15,L,95,108,12,55,8,False,98.5,0.46,11.71,24.51,0.22,102.45,98.5,0.54,15.43,23.57,0.21,107.82,-3.0,106.6,109.4,4.72,7.91,-16.8,-11.21
15,L,101,104,12,56,8,False,98.5,0.46,11.71,24.51,0.22,102.45,98.5,0.54,15.43,23.57,0.21,107.82,-1.0,102.4,111.8,4.72,5.37,-16.8,-8.75
11,L,103,122,12,58,8,False,98.5,0.46,11.71,24.51,0.22,102.45,98.5,0.54,15.43,23.57,0.21,107.82,-4.0,118.0,121.6,-2.1,10.67,-16.8,-13.23
17,L,91,106,12,62,8,False,98.5,0.46,11.71,24.51,0.22,102.45,98.5,0.54,15.43,23.57,0.21,107.82,-1.0,118.0,118.4,-4.12,10.59,-15.41,-16.84
14,L,108,110,13,63,8,False,98.5,0.46,11.71,24.51,0.22,102.45,98.5,0.54,15.43,23.57,0.21,107.82,-18.0,102.4,120.4,-1.23,-3.11,-17.18,-8.81
14,L,90,108,13,65,8,False,98.5,0.46,11.71,24.51,0.22,102.45,98.5,0.54,15.43,23.57,0.21,107.82,-1.0,106.4,118.8,-7.7,-12.54,-12.58,-4.95
10,W,106,95,1,1,9,False,102.74,0.56,16.1,24.56,0.22,111.16,102.74,0.51,13.62,21.26,0.17,104.84,1.0,121.2,107.6,12.37,11.23,-7.52,-8.0
17,L,110,116,6,6,9,False,103.87,0.56,16.62,20.17,0.19,108.05,103.87,0.51,13.52,18.71,0.18,103.15,-1.0,114.0,113.0,9.05,12.95,-7.18,-12.39
17,L,101,104,6,7,9,False,104.2,0.55,16.88,20.43,0.19,106.18,104.2,0.51,12.61,17.23,0.15,102.86,-3.0,113.2,110.4,3.97,12.95,-8.66,-10.9
10,W,121,116,6,8,9,False,105.28,0.56,16.38,21.59,0.21,108.92,105.28,0.52,12.15,16.76,0.15,104.37,2.0,118.0,105.0,9.89,15.29,-6.55,-17.35
12,W,120,114,8,10,9,False,105.88,0.55,15.96,21.03,0.22,108.22,105.88,0.52,13.34,16.97,0.15,103.16,-1.0,120.2,112.6,8.22,12.6,-12.41,-8.04
12,L,112,113,9,12,9,False,104.39,0.56,16.39,21.56,0.21,108.51,104.39,0.51,13.05,18.19,0.16,103.68,1.0,121.8,116.0,7.31,12.6,-8.26,-8.04
12,L,113,121,10,15,9,False,104.39,0.56,16.39,21.56,0.21,108.51,104.39,0.51,13.05,18.19,0.16,103.68,-1.0,119.4,117.2,5.29,2.32,-4.87,-7.19
15,L,102,114,15,17,9,False,104.39,0.56,16.39,21.56,0.21,108.51,104.39,0.51,13.05,18.19,0.16,103.68,-3.0,116.2,109.5,5.29,3.59,-9.23,-10.31
16,L,118,129,18,22,9,False,104.39,0.56,16.39,21.56,0.21,108.51,104.39,0.51,13.05,18.19,0.16,103.68,1.0,114.2,117.8,-1.32,7.56,-13.97,-16.27
14,L,107,116,18,23,9,False,104.39,0.56,16.39,21.56,0.21,108.51,104.39,0.51,13.05,18.19,0.16,103.68,-3.0,116.8,117.8,7.6,-0.33,-13.62,-10.78
13,L,144,145,19,25,9,False,104.39,0.56,16.39,21.56,0.21,108.51,104.39,0.51,13.05,18.19,0.16,103.68,-1.0,109.4,111.8,9.01,16.37,-14.12,-13.75
14,W,121,101,20,24,9,False,104.39,0.56,16.39,21.56,0.21,108.51,104.39,0.51,13.05,18.19,0.16,103.68,-2.0,116.2,121.8,9.01,-5.49,-16.96,-5.24
11,W,131,109,23,25,9,False,104.39,0.56,16.39,21.56,0.21,108.51,104.39,0.51,13.05,18.19,0.16,103.68,-2.0,110.5,114.5,3.3,10.67,-12.7,-7.41
12,L,125,130,26,27,9,False,104.39,0.56,16.39,21.56,0.21,108.51,104.39,0.51,13.05,18.19,0.16,103.68,-3.0,117.2,114.6,9.01,3.46,-12.06,-10.11
13,W,128,110,27,26,9,False,104.39,0.56,16.39,21.56,0.21,108.51,104.39,0.51,13.05,18.19,0.16,103.68,-2.0,112.8,120.8,3.3,10.34,-9.56,-15.05
16,W,125,90,32,28,9,False,104.39,0.56,16.39,21.56,0.21,108.51,104.39,0.51,13.05,18.19,0.16,103.68,-1.0,115.0,120.0,3.3,7.6,-7.23,-12.48
13,W,128,121,34,31,9,False,104.39,0.56,16.39,21.56,0.21,108.51,104.39,0.51,13.05,18.19,0.16,103.68,2.0,119.0,117.4,3.3,15.44,-5.81,-11.78
14,W,137,116,35,32,9,False,104.39,0.56,16.39,21.56,0.21,108.51,104.39,0.51,13.05,18.19,0.16,103.68,2.0,115.8,120.2,3.3,0.47,-7.53,-12.68
11,L,111,123,36,34,9,False,104.39,0.56,16.39,21.56,0.21,108.51,104.39,0.51,13.05,18.19,0.16,103.68,3.0,114.6,113.4,3.3,10.67,-5.81,-12.07
17,L,110,114,36,35,9,False,104.39,0.56,16.39,21.56,0.21,108.51,104.39,0.51,13.05,18.19,0.16,103.68,-4.0,106.0,108.4,3.3,10.59,-5.42,-16.84
15,W,113,92,36,34,9,False,104.39,0.56,16.39,21.56,0.21,108.51,104.39,0.51,13.05,18.19,0.16,103.68,-2.0,113.4,110.4,9.01,-0.33,-9.34,-12.13
10,W,133,110,41,34,9,False,104.39,0.56,16.39,21.56,0.21,108.51,104.39,0.51,13.05,18.19,0.16,103.68,1.0,116.8,104.2,5.51,9.44,-8.61,-15.78
13,W,134,120,43,35,9,False,104.39,0.56,16.39,21.56,0.21,108.51,104.39,0.51,13.05,18.19,0.16,103.68,1.0,124.4,120.8,5.51,5.2,-10.33,-5.99
13,W,128,94,3,3,10,False,104.1,0.52,18.44,25.22,0.15,100.8,104.1,0.56,12.74,25.54,0.2,114.74,-1.0,123.4,129.2,15.29,10.2,-12.5,-3.61
12,L,100,106,6,5,10,False,105.22,0.51,19.31,25.16,0.15,97.82,105.22,0.55,12.61,24.31,0.18,112.73,-10.0,100.0,112.0,15.29,11.93,-16.24,-5.52
13,L,104,105,6,6,10,False,104.94,0.52,20.27,25.2,0.14,98.24,104.94,0.54,13.39,25.59,0.18,109.75,4.0,124.4,121.6,15.29,13.25,-16.11,-5.3
14,W,111,91,6,6,10,False,104.59,0.51,20.2,25.12,0.16,95.95,104.59,0.54,13.21,24.93,0.18,109.4,-4.0,111.6,129.0,15.29,3.82,-12.84,-7.14
13,L,97,107,8,10,10,False,104.73,0.52,19.58,25.48,0.15,98.78,104.73,0.55,13.43,26.27,0.2,112.98,-2.0,117.4,116.6,15.29,13.25,-15.96,-9.29
14,W,117,104,11,9,10,False,104.72,0.52,19.56,25.24,0.15,98.32,104.72,0.55,13.08,25.33,0.19,111.92,1.0,114.2,122.8,15.29,-2.37,-14.09,-7.95
14,W,103,96,12,9,10,False,104.72,0.52,19.56,25.24,0.15,98.32,104.72,0.55,13.08,25.33,0.19,111.92,4.0,113.2,117.8,15.29,2.47,-14.81,-7.39
16,L,119,128,13,11,10,False,104.72,0.52,19.56,25.24,0.15,98.32,104.72,0.55,13.08,25.33,0.19,111.92,1.0,105.5,116.5,15.29,3.6,-14.09,-13.86
11,L,117,123,15,14,10,False,104.72,0.52,19.56,25.24,0.15,98.32,104.72,0.55,13.08,25.33,0.19,111.92,-2.0,110.0,118.0,15.29,6.72,-14.64,-9.58
17,L,95,122,17,17,10,False,104.72,0.52,19.56,25.24,0.15,98.32,104.72,0.55,13.08,25.33,0.19,111.92,1.0,113.6,119.8,10.43,12.95,-15.61,-15.08
16,W,112,108,17,16,10,False,104.72,0.52,19.56,25.24,0.15,98.32,104.72,0.55,13.08,25.33,0.19,111.92,-1.0,108.2,118.8,10.43,7.56,-15.62,-14.82
15,L,113,120,18,18,10,False,104.72,0.52,19.56,25.24,0.15,98.32,104.72,0.55,13.08,25.33,0.19,111.92,-5.0,104.8,112.8,10.43,4.5,-13.98,-6.99
13,W,135,119,21,24,10,False,104.72,0.52,19.56,25.24,0.15,98.32,104.72,0.55,13.08,25.33,0.19,111.92,-3.0,110.4,110.0,15.29,16.37,-16.21,-13.75
17,L,90,111,23,27,10,False,104.72,0.52,19.56,25.24,0.15,98.32,104.72,0.55,13.08,25.33,0.19,111.92,-1.0,106.2,116.4,15.29,12.95,-16.21,-12.99
11,L,129,132,23,28,10,False,104.72,0.52,19.56,25.24,0.15,98.32,104.72,0.55,13.08,25.33,0.19,111.92,-1.0,111.4,119.0,9.26,10.67,-16.73,-12.33
14,L,113,121,24,31,10,False,104.72,0.52,19.56,25.24,0.15,98.32,104.72,0.55,13.08,25.33,0.19,111.92,5.0,114.0,114.4,9.26,-2.72,-16.36,-11.6
12,L,116,122,27,36,10,False,104.72,0.52,19.56,25.24,0.15,98.32,104.72,0.55,13.08,25.33,0.19,111.92,-1.0,100.0,110.6,15.29,12.6,-16.45,-9.7
17,L,106,113,38,38,10,False,104.72,0.52,19.56,25.24,0.15,98.32,104.72,0.55,13.08,25.33,0.19,111.92,-1.0,100.8,112.8,9.44,10.59,-15.78,-16.84
15,L,104,119,38,40,10,False,104.72,0.52,19.56,25.24,0.15,98.32,104.72,0.55,13.08,25.33,0.19,111.92,-1.0,106.4,114.2,9.34,7.91,-18.6,-5.42
12,W,116,105,40,41,10,False,104.72,0.52,19.56,25.24,0.15,98.32,104.72,0.55,13.08,25.33,0.19,111.92,-1.0,104.6,116.0,-4.1,-14.17,-18.15,-4.74
16,W,126,124,5,3,11,False,99.3,0.47,12.42,22.86,0.17,101.56,99.3,0.51,13.24,20.14,0.23,106.94,-4.0,128.8,134.6,7.26,0.93,-7.54,-11.26
15,L,132,142,9,9,11,False,99.02,0.48,12.44,24.03,0.16,102.41,99.02,0.51,13.29,20.77,0.23,108.47,-2.0,100.2,107.0,7.97,6.03,-7.79,-8.41
15,W,144,129,9,8,11,False,99.1,0.48,12.61,24.14,0.17,102.61,99.1,0.5,13.49,19.26,0.23,106.24,-2.0,107.4,110.4,2.12,0.34,-8.71,-9.76
16,W,128,119,11,8,11,False,99.36,0.48,13.37,24.05,0.17,101.66,99.36,0.5,14.18,19.29,0.23,104.53,3.0,130.2,133.8,7.97,7.56,-8.11,-17.2
16,L,126,140,13,10,11,False,98.68,0.47,12.79,23.76,0.17,100.79,98.68,0.49,14.54,19.81,0.21,102.3,3.0,132.0,131.2,7.97,7.56,-8.71,-14.97
17,L,109,127,13,12,11,False,99.09,0.48,12.73,23.77,0.17,101.81,99.09,0.5,13.75,19.85,0.23,105.7,-1.0,108.5,116.2,0.86,12.95,-11.07,-11.76
12,L,127,151,13,13,11,False,99.09,0.48,12.73,23.77,0.17,101.81,99.09,0.5,13.75,19.85,0.23,105.7,3.0,121.5,124.8,3.5,12.6,-4.15,-8.58
14,L,103,116,14,14,11,False,99.09,0.48,12.73,23.77,0.17,101.81,99.09,0.5,13.75,19.85,0.23,105.7,-3.0,104.2,127.5,7.97,11.1,-7.49,-4.75
16,W,122,113,17,14,11,False,99.09,0.48,12.73,23.77,0.17,101.81,99.09,0.5,13.75,19.85,0.23,105.7,-1.0,131.0,131.0,6.72,7.56,-9.58,-18.3
16,W,142,130,18,14,11,False,99.09,0.48,12.73,23.77,0.17,101.81,99.09,0.5,13.75,19.85,0.23,105.7,4.0,127.6,129.0,8.86,7.56,-9.01,-16.42
14,W,116,110,26,20,11,False,99.09,0.48,12.73,23.77,0.17,101.81,99.09,0.5,13.75,19.85,0.23,105.7,-1.0,104.0,125.2,3.48,-3.0,-13.88,-10.63
17,L,111,113,35,30,11,False,99.09,0.48,12.73,23.77,0.17,101.81,99.09,0.5,13.75,19.85,0.23,105.7,-3.0,108.6,118.4,10.67,9.57,-13.96,-14.93
13,L,145,150,40,33,11,False,99.09,0.48,12.73,23.77,0.17,101.81,99.09,0.5,13.75,19.85,0.23,105.7,-4.0,113.5,113.8,10.67,12.91,-13.23,-14.48
12,W,133,116,40,32,11,False,99.09,0.48,12.73,23.77,0.17,101.81,99.09,0.5,13.75,19.85,0.23,105.7,-4.0,122.6,130.0,7.21,12.6,-13.11,-8.17
13,W,109,90,41,33,11,False,99.09,0.48,12.73,23.77,0.17,101.81,99.09,0.5,13.75,19.85,0.23,105.7,-1.0,119.8,121.0,10.67,15.44,-12.02,-11.86
15,W,117,115,44,34,11,False,99.09,0.48,12.73,23.77,0.17,101.81,99.09,0.5,13.75,19.85,0.23,105.7,1.0,116.0,116.4,10.67,7.91,-14.18,-7.41
16,L,94,109,0,2,11,True,99.09,0.48,12.73,23.77,0.17,101.81,99.09,0.5,13.75,19.85,0.23,105.7,5.0,128.8,125.2,10.67,0.82,-13.23,-12.39
16,W,125,108,0,1,11,True,99.09,0.48,12.73,23.77,0.17,101.81,99.09,0.5,13.75,19.85,0.23,105.7,-1.0,122.4,122.2,10.67,0.82,-13.23,-12.39
16,W,121,118,1,1,11,True,99.09,0.48,12.73,23.77,0.17,101.81,99.09,0.5,13.75,19.85,0.23,105.7,1.0,121.8,120.0,10.67,0.82,-13.23,-11.09
16,W,126,113,2,1,11,True,99.09,0.48,12.73,23.77,0.17,101.81,99.09,0.5,13.75,19.85,0.23,105.7,2.0,120.8,115.6,10.67,-3.08,-13.23,-12.59
16,L,92,115,3,3,11,True,99.09,0.48,12.73,23.77,0.17,101.81,99.09,0.5,13.75,19.85,0.23,105.7,3.0,121.6,115.6,10.67,-3.08,-13.23,-13.86
16,W,120,98,3,2,11,True,99.09,0.48,12.73,23.77,0.17,101.81,99.09,0.5,13.75,19.85,0.23,105.7,-1.0,111.6,112.6,10.67,0.82,-13.23,-12.39
13,L,125,130,3,3,12,False,100.38,0.57,12.7,23.84,0.16,116.6,100.38,0.49,13.06,26.22,0.14,106.02,1.0,121.4,108.4,13.7,11.21,-12.71,-8.99
14,L,101,105,3,7,12,False,99.58,0.56,12.84,23.11,0.18,115.2,99.58,0.5,13.83,27.32,0.15,107.68,-1.0,117.4,125.4,19.34,4.28,-10.51,-6.09
14,W,117,106,18,12,12,False,99.79,0.56,13.23,23.33,0.19,115.5,99.79,0.5,14.08,25.73,0.15,107.08,-5.0,116.0,121.8,3.46,15.63,-7.82,-5.91
15,W,121,104,19,12,12,False,99.07,0.59,13.01,22.0,0.16,118.5,99.07,0.51,13.03,28.27,0.17,112.26,-3.0,109.0,113.8,12.6,3.76,-7.63,-10.53
13,L,103,106,22,14,12,False,98.88,0.56,11.6,24.18,0.17,117.02,98.88,0.51,12.76,27.55,0.17,111.73,-1.0,120.0,112.2,12.6,10.06,-8.23,-12.16
14,W,128,119,24,13,12,False,99.54,0.57,12.68,23.29,0.17,116.56,99.54,0.5,13.35,27.02,0.16,108.95,2.0,117.6,116.0,12.6,3.39,-8.23,-9.42
17,L,105,109,25,15,12,False,99.54,0.57,12.68,23.29,0.17,116.56,99.54,0.5,13.35,27.02,0.16,108.95,-3.0,104.6,111.0,10.36,12.95,-3.45,-14.22
13,W,127,116,27,14,12,False,99.54,0.57,12.68,23.29,0.17,116.56,99.54,0.5,13.35,27.02,0.16,108.95,-1.0,120.0,114.0,9.88,10.34,-6.17,-15.08
15,W,103,95,32,15,12,False,99.54,0.57,12.68,23.29,0.17,116.56,99.54,0.5,13.35,27.02,0.16,108.95,3.0,111.4,111.8,12.6,9.12,-6.5,-5.73
17,L,100,121,35,18,12,False,99.54,0.57,12.68,23.29,0.17,116.56,99.54,0.5,13.35,27.02,0.16,108.95,-1.0,104.8,108.4,12.6,12.95,-8.23,-13.99
14,W,101,95,36,18,12,False,99.54,0.57,12.68,23.29,0.17,116.56,99.54,0.5,13.35,27.02,0.16,108.95,3.0,116.2,114.0,12.6,-0.65,-4.86,-13.44
13,L,112,116,37,21,12,False,99.54,0.57,12.68,23.29,0.17,116.56,99.54,0.5,13.35,27.02,0.16,108.95,3.0,122.6,117.0,0.07,15.44,-9.4,-11.02
17,W,89,88,38,20,12,False,99.54,0.57,12.68,23.29,0.17,116.56,99.54,0.5,13.35,27.02,0.16,108.95,-1.0,104.0,110.8,12.6,12.95,-9.7,-13.99
16,L,106,113,39,22,12,False,99.54,0.57,12.68,23.29,0.17,116.56,99.54,0.5,13.35,27.02,0.16,108.95,-2.0,119.2,120.2,12.6,1.25,-9.7,-14.64
16,L,117,124,41,23,12,False,99.54,0.57,12.68,23.29,0.17,116.56,99.54,0.5,13.35,27.02,0.16,108.95,-1.0,116.6,118.8,-5.18,7.6,-11.71,-12.48
17,L,100,118,41,24,12,False,99.54,0.57,12.68,23.29,0.17,116.56,99.54,0.5,13.35,27.02,0.16,108.95,2.0,102.0,110.8,12.6,9.57,-12.01,-16.28
15,L,107,108,3,5,13,False,100.04,0.53,16.84,20.4,0.15,101.8,100.04,0.51,12.66,27.5,0.17,109.56,3.0,109.2,112.8,15.69,8.3,-8.36,-6.08
14,W,134,107,5,5,13,False,100.27,0.53,16.11,20.98,0.15,102.96,100.27,0.51,12.93,27.62,0.18,109.63,1.0,109.0,103.2,13.25,5.93,-9.76,-5.54
17,L,111,118,15,15,13,False,99.98,0.54,17.05,21.1,0.16,103.49,99.98,0.5,12.86,29.22,0.18,110.12,3.0,107.8,111.6,7.22,12.95,-12.85,-12.99
17,L,106,108,17,17,13,False,100.34,0.57,16.84,21.0,0.15,107.27,100.34,0.5,12.65,29.11,0.19,110.34,-4.0,109.2,110.4,6.41,12.95,-4.79,-12.8
15,L,96,110,17,19,13,False,100.23,0.56,16.45,21.2,0.16,107.18,100.23,0.51,12.94,30.69,0.17,111.41,-2.0,108.8,111.8,10.06,4.5,-7.39,-10.65
14,L,113,127,17,20,13,False,100.17,0.55,16.66,20.94,0.15,104.54,100.17,0.51,12.81,28.83,0.18,110.21,3.0,117.2,104.0,10.06,14.88,-17.65,-2.77
16,W,123,122,34,30,13,False,100.17,0.55,16.66,20.94,0.15,104.54,100.17,0.51,12.81,28.83,0.18,110.21,-3.0,114.2,121.0,11.32,7.6,-15.09,-12.48
17,W,120,109,35,30,13,False,100.17,0.55,16.66,20.94,0.15,104.54,100.17,0.51,12.81,28.83,0.18,110.21,-1.0,110.0,109.8,15.44,6.4,-12.73,-14.63
16,W,128,124,39,32,13,False,100.17,0.55,16.66,20.94,0.15,104.54,100.17,0.51,12.81,28.83,0.18,110.21,1.0,116.0,121.2,11.32,7.56,-8.13,-13.76
14,W,136,124,40,32,13,False,100.17,0.55,16.66,20.94,0.15,104.54,100.17,0.51,12.81,28.83,0.18,110.21,-4.0,117.6,109.2,5.2,1.44,-11.8,-12.27
17,L,117,127,45,35,13,False,100.17,0.55,16.66,20.94,0.15,104.54,100.17,0.51,12.81,28.83,0.18,110.21,2.0,113.6,109.6,11.32,10.59,-15.27,-17.41
14,W,123,120,45,35,13,False,100.17,0.55,16.66,20.94,0.15,104.54,100.17,0.51,12.81,28.83,0.18,110.21,5.0,121.4,111.8,15.44,-12.54,-11.93,-4.87
15,L,102,108,1,8,14,False,98.54,0.49,13.54,28.34,0.25,108.1,98.54,0.56,15.3,29.24,0.18,116.14,-1.0,107.0,112.5,6.39,8.95,-8.08,-7.01
17,L,97,119,3,14,14,False,97.37,0.49,13.95,27.61,0.24,107.5,97.37,0.57,15.36,30.47,0.19,118.69,2.0,111.4,107.2,3.82,10.05,-7.23,-13.02
17,L,103,127,6,16,14,False,97.36,0.48,13.5,26.01,0.26,107.44,97.36,0.59,14.11,32.88,0.19,123.95,-4.0,108.0,109.8,4.89,10.05,-7.84,-13.21
17,L,103,118,15,27,14,False,97.35,0.5,13.4,26.45,0.24,109.41,97.35,0.57,14.69,30.68,0.19,120.4,-1.0,105.8,114.6,-2.4,12.95,-9.31,-12.99
15,W,105,96,16,27,14,False,98.12,0.49,13.4,25.08,0.24,107.09,98.12,0.59,15.03,30.93,0.19,121.64,-1.0,106.0,111.6,-6.11,10.32,-9.42,-5.31
16,W,113,110,19,36,14,False,97.75,0.49,13.56,26.7,0.25,107.91,97.75,0.58,14.9,30.84,0.19,120.16,1.0,130.0,110.8,-6.86,7.6,-13.68,-15.19
17,L,101,110,20,40,14,False,97.75,0.49,13.56,26.7,0.25,107.91,97.75,0.58,14.9,30.84,0.19,120.16,-1.0,106.2,116.4,-1.33,12.95,-14.21,-17.82
16,W,111,101,25,50,14,False,97.75,0.49,13.56,26.7,0.25,107.91,97.75,0.58,14.9,30.84,0.19,120.16,2.0,126.6,110.6,-5.88,2.22,-8.69,-15.62
17,L,90,106,1,3,15,False,101.74,0.58,14.78,17.8,0.19,112.24,101.74,0.5,13.36,24.96,0.22,109.6,1.0,104.8,110.2,1.57,9.17,-13.46,-14.21
16,L,114,122,1,4,15,False,101.53,0.58,15.64,17.76,0.2,111.55,101.53,0.5,13.95,25.55,0.21,108.18,3.0,124.0,118.8,7.49,14.78,-12.34,-9.97
16,L,124,131,10,9,15,False,101.95,0.56,14.54,17.89,0.21,111.12,101.95,0.5,13.46,25.66,0.21,108.88,-3.0,120.8,119.8,0.54,7.56,-7.34,-14.56
17,L,108,112,15,13,15,False,102.74,0.58,14.71,17.65,0.22,112.52,102.74,0.49,13.83,23.03,0.21,105.33,-2.0,101.8,109.4,9.4,12.95,-9.21,-13.23
16,W,123,97,28,25,15,False,102.85,0.58,13.75,19.22,0.21,115.27,102.85,0.49,13.6,21.76,0.22,104.28,-3.0,121.2,118.4,4.56,7.6,-8.15,-15.17
17,L,105,129,33,20,16,False,102.95,0.54,11.95,27.42,0.19,112.82,102.95,0.53,11.3,18.5,0.2,113.43,1.0,116.2,116.8,2.22,12.95,-8.61,-14.91
17,W,112,107,35,21,16,False,102.95,0.54,11.95,27.42,0.19,112.82,102.95,0.53,11.3,18.5,0.2,113.43,-3.0,114.0,119.2,7.6,12.95,-12.48,-13.64
21,L,97,117,0,2,17,False,0.0,0.0,0.0,0.0,0.0,0.0,0.0,0.0,0.0,0.0,0.0,0.0,0.0,0.0,0.0,0.0,0.0,0.0,0.0
3,L,112,128,0,3,17,False,0.0,0.0,0.0,0.0,0.0,0.0,0.0,0.0,0.0,0.0,0.0,0.0,0.0,0.0,0.0,31.33,43.97,13.83,10.32
17,L,89,96,0,4,17,False,0.0,0.0,0.0,0.0,0.0,0.0,0.0,0.0,0.0,0.0,0.0,0.0,0.0,0.0,0.0,9.05,43.62,-15.25,12.92
17,W,107,98,0,3,17,False,0.0,0.0,0.0,0.0,0.0,0.0,0.0,0.0,0.0,0.0,0.0,0.0,-3.0,89.0,96.0,10.71,11.17,-16.41,-1.57
0,L,99,102,1,5,17,False,0.0,0.0,0.0,0.0,0.0,0.0,0.0,0.0,0.0,0.0,0.0,0.0,0.0,0.0,0.0,12.42,9.0,-16.15,-13.05
24,L,109,113,1,6,17,False,0.0,0.0,0.0,0.0,0.0,0.0,0.0,0.0,0.0,0.0,0.0,0.0,0.0,0.0,0.0,12.06,10.75,-10.82,-2.95
18,L,117,123,1,7,17,False,0.0,0.0,0.0,0.0,0.0,0.0,0.0,0.0,0.0,0.0,0.0,0.0,0.0,0.0,0.0,5.31,12.47,-12.79,-9.58
22,L,100,112,1,8,17,False,0.0,0.0,0.0,0.0,0.0,0.0,0.0,0.0,0.0,0.0,0.0,0.0,0.0,0.0,0.0,6.55,6.1,-12.93,-4.35
24,L,99,112,1,9,17,False,0.0,0.0,0.0,0.0,0.0,0.0,0.0,0.0,0.0,0.0,0.0,0.0,-2.0,109.0,113.0,5.65,10.72,-7.15,-2.89
9,L,85,126,1,10,17,False,0.0,0.0,0.0,0.0,0.0,0.0,0.0,0.0,0.0,0.0,0.0,0.0,0.0,0.0,0.0,5.71,9.78,-7.56,-11.77
6,L,92,108,1,11,17,False,0.0,0.0,0.0,0.0,0.0,0.0,0.0,0.0,0.0,0.0,0.0,0.0,0.0,0.0,0.0,5.71,4.92,-12.44,-13.88
19,L,100,108,1,12,17,False,0.0,0.0,0.0,0.0,0.0,0.0,0.0,0.0,0.0,0.0,0.0,0.0,0.0,0.0,0.0,5.71,3.85,-14.43,-13.98
2,L,112,120,1,13,17,False,0.0,0.0,0.0,0.0,0.0,0.0,0.0,0.0,0.0,0.0,0.0,0.0,0.0,0.0,0.0,5.71,7.03,-15.44,-13.8
14,W,112,101,1,12,17,False,0.0,0.0,0.0,0.0,0.0,0.0,0.0,0.0,0.0,0.0,0.0,0.0,0.0,0.0,0.0,13.8,19.79,-15.55,-11.27
28,L,100,105,2,14,17,False,0.0,0.0,0.0,0.0,0.0,0.0,0.0,0.0,0.0,0.0,0.0,0.0,0.0,0.0,0.0,13.8,3.94,-16.49,1.3
15,L,98,113,2,15,17,False,0.0,0.0,0.0,0.0,0.0,0.0,0.0,0.0,0.0,0.0,0.0,0.0,0.0,0.0,0.0,13.8,8.29,-16.49,-19.74
12,W,94,81,2,14,17,False,0.0,0.0,0.0,0.0,0.0,0.0,0.0,0.0,0.0,0.0,0.0,0.0,0.0,0.0,0.0,7.18,7.38,-16.37,-9.1
11,L,94,111,3,16,17,False,0.0,0.0,0.0,0.0,0.0,0.0,0.0,0.0,0.0,0.0,0.0,0.0,0.0,0.0,0.0,7.18,12.86,-16.37,-8.86
17,L,96,110,3,17,17,False,0.0,0.0,0.0,0.0,0.0,0.0,0.0,0.0,0.0,0.0,0.0,0.0,1.0,98.0,97.0,1.58,9.8,-9.85,-13.69
28,W,127,102,3,16,17,False,0.0,0.0,0.0,0.0,0.0,0.0,0.0,0.0,0.0,0.0,0.0,0.0,-1.0,100.0,105.0,9.81,10.65,-13.42,-7.11
27,W,98,97,4,16,17,False,0.0,0.0,0.0,0.0,0.0,0.0,0.0,0.0,0.0,0.0,0.0,0.0,0.0,0.0,0.0,9.81,12.0,-13.48,-10.21
27,L,105,127,5,18,17,False,0.0,0.0,0.0,0.0,0.0,0.0,0.0,0.0,0.0,0.0,0.0,0.0,2.0,98.0,97.0,9.81,11.97,-12.22,-13.02
12,W,123,104,5,17,17,False,0.0,0.0,0.0,0.0,0.0,0.0,0.0,0.0,0.0,0.0,0.0,0.0,1.0,94.0,81.0,9.81,3.39,-12.22,-7.29
6,L,107,139,6,19,17,False,0.0,0.0,0.0,0.0,0.0,0.0,0.0,0.0,0.0,0.0,0.0,0.0,-7.0,92.0,108.0,6.46,2.3,-10.36,-10.73
6,W,107,91,6,18,17,False,0.0,0.0,0.0,0.0,0.0,0.0,0.0,0.0,0.0,0.0,0.0,0.0,-1.0,99.5,123.5,6.46,0.25,-11.68,-13.11
10,L,108,118,7,20,17,False,0.0,0.0,0.0,0.0,0.0,0.0,0.0,0.0,0.0,0.0,0.0,0.0,0.0,0.0,0.0,6.46,1.73,-11.68,-12.36
7,L,114,120,7,21,17,False,0.0,0.0,0.0,0.0,0.0,0.0,0.0,0.0,0.0,0.0,0.0,0.0,0.0,0.0,0.0,9.81,8.53,-12.22,-16.35
8,W,109,93,7,20,17,False,0.0,0.0,0.0,0.0,0.0,0.0,0.0,0.0,0.0,0.0,0.0,0.0,0.0,0.0,0.0,9.81,3.84,-11.78,-12.46
25,L,97,112,8,22,17,False,0.0,0.0,0.0,0.0,0.0,0.0,0.0,0.0,0.0,0.0,0.0,0.0,0.0,0.0,0.0,9.81,9.9,-10.48,-11.16
19,W,113,110,8,21,17,False,0.0,0.0,0.0,0.0,0.0,0.0,0.0,0.0,0.0,0.0,0.0,0.0,-8.0,100.0,108.0,9.81,-0.02,-9.12,-13.45
16,W,116,112,9,21,17,False,0.0,0.0,0.0,0.0,0.0,0.0,0.0,0.0,0.0,0.0,0.0,0.0,0.0,0.0,0.0,9.81,1.15,-10.48,-7.4
23,W,111,97,10,21,17,False,0.0,0.0,0.0,0.0,0.0,0.0,0.0,0.0,0.0,0.0,0.0,0.0,0.0,0.0,0.0,9.81,0.48,-9.12,-14.24
20,W,110,104,11,21,17,False,0.0,0.0,0.0,0.0,0.0,0.0,0.0,0.0,0.0,0.0,0.0,0.0,0.0,0.0,0.0,3.58,1.7,-6.18,-3.56
19,L,112,117,12,23,17,False,0.0,0.0,0.0,0.0,0.0,0.0,0.0,0.0,0.0,0.0,0.0,0.0,1.0,106.5,109.0,3.58,0.15,-15.92,-13.21
5,W,108,104,12,22,17,False,0.0,0.0,0.0,0.0,0.0,0.0,0.0,0.0,0.0,0.0,0.0,0.0,0.0,0.0,0.0,-2.93,0.92,-10.08,-17.36
16,L,113,136,13,24,17,False,0.0,0.0,0.0,0.0,0.0,0.0,0.0,0.0,0.0,0.0,0.0,0.0,2.0,116.0,112.0,-4.51,9.34,-12.54,-10.13
27,L,104,115,13,25,17,False,0.0,0.0,0.0,0.0,0.0,0.0,0.0,0.0,0.0,0.0,0.0,0.0,-1.0,101.5,112.0,9.81,12.0,-12.48,-14.09
22,L,110,123,13,26,17,False,0.0,0.0,0.0,0.0,0.0,0.0,0.0,0.0,0.0,0.0,0.0,0.0,-4.0,100.0,112.0,9.81,2.38,-12.48,-3.34
9,W,101,96,13,25,17,False,0.0,0.0,0.0,0.0,0.0,0.0,0.0,0.0,0.0,0.0,0.0,0.0,-6.0,85.0,126.0,9.81,-3.87,-12.48,-13.84
26,L,101,105,14,27,17,False,0.0,0.0,0.0,0.0,0.0,0.0,0.0,0.0,0.0,0.0,0.0,0.0,0.0,0.0,0.0,6.46,11.2,-10.87,-12.7
17,W,128,125,14,26,17,False,0.0,0.0,0.0,0.0,0.0,0.0,0.0,0.0,0.0,0.0,0.0,0.0,-2.0,97.3,101.3,9.81,9.8,-12.24,-14.19
12,W,113,89,15,26,17,False,0.0,0.0,0.0,0.0,0.0,0.0,0.0,0.0,0.0,0.0,0.0,0.0,1.0,108.5,92.5,9.81,-1.75,-12.24,-11.83
2,L,105,120,16,28,17,False,0.0,0.0,0.0,0.0,0.0,0.0,0.0,0.0,0.0,0.0,0.0,0.0,-9.0,112.0,120.0,9.81,5.22,-11.32,-11.67
1,L,92,104,16,29,17,False,0.0,0.0,0.0,0.0,0.0,0.0,0.0,0.0,0.0,0.0,0.0,0.0,0.0,0.0,0.0,9.81,15.75,-12.24,-19.0
18,W,102,91,16,28,17,False,0.0,0.0,0.0,0.0,0.0,0.0,0.0,0.0,0.0,0.0,0.0,0.0,-3.0,117.0,123.0,9.81,12.47,-12.24,-14.99
11,W,117,113,17,28,17,False,0.0,0.0,0.0,0.0,0.0,0.0,0.0,0.0,0.0,0.0,0.0,0.0,-1.0,94.0,111.0,1.72,-0.95,-12.35,-13.51
21,L,107,117,18,30,17,False,0.0,0.0,0.0,0.0,0.0,0.0,0.0,0.0,0.0,0.0,0.0,0.0,-1.0,97.0,117.0,-9.65,7.86,-3.94,-17.45
7,L,105,116,18,31,17,False,0.0,0.0,0.0,0.0,0.0,0.0,0.0,0.0,0.0,0.0,0.0,0.0,-2.0,114.0,120.0,-4.51,1.91,-12.17,-14.23
1,L,97,107,18,32,17,False,0.0,0.0,0.0,0.0,0.0,0.0,0.0,0.0,0.0,0.0,0.0,0.0,-2.0,92.0,104.0,-4.51,16.9,-12.17,-12.87
5,L,90,93,18,33,17,False,0.0,0.0,0.0,0.0,0.0,0.0,0.0,0.0,0.0,0.0,0.0,0.0,1.0,108.0,104.0,2.31,-2.66,-12.81,-14.09
8,W,111,101,18,32,17,False,0.0,0.0,0.0,0.0,0.0,0.0,0.0,0.0,0.0,0.0,0.0,0.0,1.0,109.0,93.0,7.05,4.13,-12.81,-8.83
7,W,113,105,19,32,17,False,0.0,0.0,0.0,0.0,0.0,0.0,0.0,0.0,0.0,0.0,0.0,0.0,-2.0,109.5,118.0,7.05,4.36,-12.2,-14.91
10,W,120,107,20,32,17,False,0.0,0.0,0.0,0.0,0.0,0.0,0.0,0.0,0.0,0.0,0.0,0.0,-1.0,108.0,118.0,9.81,4.22,-13.96,-13.19
10,W,110,97,21,32,17,False,0.0,0.0,0.0,0.0,0.0,0.0,0.0,0.0,0.0,0.0,0.0,0.0,3.0,114.0,112.5,7.05,4.22,-17.31,-14.51
15,L,97,112,22,34,17,False,0.0,0.0,0.0,0.0,0.0,0.0,0.0,0.0,0.0,0.0,0.0,0.0,-2.0,98.0,113.0,14.23,11.39,-17.35,-9.29
25,L,114,124,22,35,17,False,0.0,0.0,0.0,0.0,0.0,0.0,0.0,0.0,0.0,0.0,0.0,0.0,-1.0,97.0,112.0,14.23,8.78,-16.91,-16.63
26,W,120,90,22,34,17,False,0.0,0.0,0.0,0.0,0.0,0.0,0.0,0.0,0.0,0.0,0.0,0.0,-1.0,101.0,105.0,14.23,14.8,-15.69,-11.9
14,L,109,121,23,36,17,False,0.0,0.0,0.0,0.0,0.0,0.0,0.0,0.0,0.0,0.0,0.0,0.0,1.0,112.0,101.0,14.23,1.23,-15.69,-12.15
6,L,118,125,23,37,17,False,0.0,0.0,0.0,0.0,0.0,0.0,0.0,0.0,0.0,0.0,0.0,0.0,1.0,102.0,112.7,8.41,-0.65,-12.05,-8.2
22,W,117,102,23,36,17,False,0.0,0.0,0.0,0.0,0.0,0.0,0.0,0.0,0.0,0.0,0.0,0.0,-3.0,105.0,117.5,8.41,6.87,-12.05,-12.67
13,W,123,95,24,36,17,False,0.0,0.0,0.0,0.0,0.0,0.0,0.0,0.0,0.0,0.0,0.0,0.0,0.0,0.0,0.0,8.41,2.0,-12.05,-0.48
24,W,125,95,25,36,17,False,0.0,0.0,0.0,0.0,0.0,0.0,0.0,0.0,0.0,0.0,0.0,0.0,-5.0,104.0,112.5,8.41,12.63,-12.71,-6.05
27,W,124,90,26,36,17,False,0.0,0.0,0.0,0.0,0.0,0.0,0.0,0.0,0.0,0.0,0.0,0.0,-2.0,102.3,113.0,8.41,12.0,-12.71,-10.23
7,L,130,138,27,38,17,False,0.0,0.0,0.0,0.0,0.0,0.0,0.0,0.0,0.0,0.0,0.0,0.0,2.0,110.7,113.7,8.41,8.53,-13.4,-14.71
14,L,111,132,27,39,17,False,0.0,0.0,0.0,0.0,0.0,0.0,0.0,0.0,0.0,0.0,0.0,0.0,-1.0,110.5,111.0,-0.66,9.56,-7.73,-12.58
20,L,102,108,27,40,17,False,0.0,0.0,0.0,0.0,0.0,0.0,0.0,0.0,0.0,0.0,0.0,0.0,4.0,110.0,104.0,-0.66,8.39,-11.62,-10.06
4,L,120,142,27,41,17,False,0.0,0.0,0.0,0.0,0.0,0.0,0.0,0.0,0.0,0.0,0.0,0.0,0.0,0.0,0.0,-0.97,10.21,-15.97,-3.44
10,W,130,105,27,40,17,False,0.0,0.0,0.0,0.0,0.0,0.0,0.0,0.0,0.0,0.0,0.0,0.0,4.0,112.7,107.3,-0.97,4.01,-16.25,-13.91
22,L,115,131,28,42,17,False,0.0,0.0,0.0,0.0,0.0,0.0,0.0,0.0,0.0,0.0,0.0,0.0,1.0,109.0,112.3,6.74,7.18,-11.5,-11.88
25,W,124,91,28,41,17,False,0.0,0.0,0.0,0.0,0.0,0.0,0.0,0.0,0.0,0.0,0.0,0.0,-2.0,105.5,118.0,6.74,4.91,-15.71,-13.83
0,W,117,112,29,41,17,False,0.0,0.0,0.0,0.0,0.0,0.0,0.0,0.0,0.0,0.0,0.0,0.0,-1.0,99.0,102.0,0.38,2.59,-15.38,-14.19
4,L,103,106,30,43,17,False,0.0,0.0,0.0,0.0,0.0,0.0,0.0,0.0,0.0,0.0,0.0,0.0,-4.0,120.0,142.0,6.74,10.21,-15.71,-3.44
3,W,126,109,30,42,17,False,0.0,0.0,0.0,0.0,0.0,0.0,0.0,0.0,0.0,0.0,0.0,0.0,-2.0,112.0,128.0,6.74,3.65,-15.06,-13.74
25,L,103,107,31,44,17,False,0.0,0.0,0.0,0.0,0.0,0.0,0.0,0.0,0.0,0.0,0.0,0.0,1.0,111.7,109.0,6.74,2.99,-15.06,-11.2
13,W,116,108,31,43,17,False,0.0,0.0,0.0,0.0,0.0,0.0,0.0,0.0,0.0,0.0,0.0,0.0,2.0,123.0,95.0,8.41,0.62,-12.42,-3.75
23,W,117,107,32,43,17,False,0.0,0.0,0.0,0.0,0.0,0.0,0.0,0.0,0.0,0.0,0.0,0.0,3.0,111.0,97.0,8.41,-17.53,-11.62,-17.94
13,W,114,111,33,43,17,False,0.0,0.0,0.0,0.0,0.0,0.0,0.0,0.0,0.0,0.0,0.0,0.0,1.0,119.5,101.5,8.41,9.42,-11.62,-5.9
12,L,100,119,34,45,17,False,0.0,0.0,0.0,0.0,0.0,0.0,0.0,0.0,0.0,0.0,0.0,0.0,2.0,110.0,91.3,8.41,7.25,-10.67,-6.51
24,W,123,109,34,44,17,False,0.0,0.0,0.0,0.0,0.0,0.0,0.0,0.0,0.0,0.0,0.0,0.0,3.0,111.0,106.7,2.18,0.55,-11.4,-7.32
23,W,127,94,35,44,17,False,0.0,0.0,0.0,0.0,0.0,0.0,0.0,0.0,0.0,0.0,0.0,0.0,2.0,114.0,102.0,6.74,-16.36,-15.54,-17.12
14,L,114,141,36,46,17,False,0.0,0.0,0.0,0.0,0.0,0.0,0.0,0.0,0.0,0.0,0.0,0.0,-2.0,110.7,118.0,6.74,14.43,-15.35,-10.72
9,L,107,128,36,47,17,False,0.0,0.0,0.0,0.0,0.0,0.0,0.0,0.0,0.0,0.0,0.0,0.0,1.0,93.0,111.0,-5.6,-2.83,-16.37,-13.34
25,W,113,103,36,46,17,False,0.0,0.0,0.0,0.0,0.0,0.0,0.0,0.0,0.0,0.0,0.0,0.0,-1.0,109.5,108.5,8.41,4.91,-11.09,-13.22
12,W,105,101,37,46,17,False,0.0,0.0,0.0,0.0,0.0,0.0,0.0,0.0,0.0,0.0,0.0,0.0,-1.0,107.5,98.2,8.41,2.55,-11.09,-8.77
22,L,99,110,0,2,17,True,0.0,0.0,0.0,0.0,0.0,0.0,0.0,0.0,0.0,0.0,0.0,0.0,-1.0,110.5,117.0,8.41,9.92,-11.09,-10.53
22,W,125,114,0,1,17,True,0.0,0.0,0.0,0.0,0.0,0.0,0.0,0.0,0.0,0.0,0.0,0.0,-1.0,108.2,115.6,8.41,9.92,-11.09,-10.53
22,L,111,114,1,3,17,True,0.0,0.0,0.0,0.0,0.0,0.0,0.0,0.0,0.0,0.0,0.0,0.0,1.0,113.2,116.0,8.41,4.7,-11.09,-7.63
22,W,118,103,1,2,17,True,0.0,0.0,0.0,0.0,0.0,0.0,0.0,0.0,0.0,0.0,0.0,0.0,-1.0,113.4,114.2,8.41,4.7,-11.09,-7.63
22,L,97,112,2,4,17,True,0.0,0.0,0.0,0.0,0.0,0.0,0.0,0.0,0.0,0.0,0.0,0.0,1.0,113.6,114.4,8.41,4.7,-11.09,-7.63
22,L,109,115,2,5,17,True,0.0,0.0,0.0,0.0,0.0,0.0,0.0,0.0,0.0,0.0,0.0,0.0,-1.0,110.0,110.6,8.41,9.92,-11.09,-10.53
1,W,138,134,0,0,18,False,0.0,0.0,0.0,0.0,0.0,0.0,0.0,0.0,0.0,0.0,0.0,0.0,0.0,0.0,0.0,0.0,0.0,0.0,0.0
20,W,121,96,1,0,18,False,0.0,0.0,0.0,0.0,0.0,0.0,0.0,0.0,0.0,0.0,0.0,0.0,0.0,0.0,0.0,53.32,31.88,14.77,16.19
20,L,104,110,2,2,18,False,0.0,0.0,0.0,0.0,0.0,0.0,0.0,0.0,0.0,0.0,0.0,0.0,2.0,121.0,96.0,16.59,6.0,-4.6,-12.39
21,W,112,99,2,1,18,False,0.0,0.0,0.0,0.0,0.0,0.0,0.0,0.0,0.0,0.0,0.0,0.0,0.0,0.0,0.0,13.92,12.06,-6.89,-6.97
3,W,104,103,3,1,18,False,0.0,0.0,0.0,0.0,0.0,0.0,0.0,0.0,0.0,0.0,0.0,0.0,0.0,0.0,0.0,13.0,15.82,-9.19,-6.72
26,L,104,113,5,3,18,False,0.0,0.0,0.0,0.0,0.0,0.0,0.0,0.0,0.0,0.0,0.0,0.0,0.0,0.0,0.0,12.47,8.48,-9.23,-14.95
11,L,98,111,5,4,18,False,0.0,0.0,0.0,0.0,0.0,0.0,0.0,0.0,0.0,0.0,0.0,0.0,0.0,0.0,0.0,12.47,14.88,-10.72,-9.7
16,W,113,98,5,3,18,False,0.0,0.0,0.0,0.0,0.0,0.0,0.0,0.0,0.0,0.0,0.0,0.0,0.0,0.0,0.0,12.47,5.81,-8.04,-9.49
5,L,109,126,6,5,18,False,0.0,0.0,0.0,0.0,0.0,0.0,0.0,0.0,0.0,0.0,0.0,0.0,0.0,0.0,0.0,12.55,5.26,-15.72,-10.23
21,W,103,96,6,4,18,False,0.0,0.0,0.0,0.0,0.0,0.0,0.0,0.0,0.0,0.0,0.0,0.0,1.0,112.0,99.0,11.03,1.6,-12.42,-8.13
16,L,100,112,7,6,18,False,0.0,0.0,0.0,0.0,0.0,0.0,0.0,0.0,0.0,0.0,0.0,0.0,1.0,113.0,98.0,12.47,7.74,-12.42,-10.39
4,L,96,104,7,7,18,False,0.0,0.0,0.0,0.0,0.0,0.0,0.0,0.0,0.0,0.0,0.0,0.0,0.0,0.0,0.0,12.47,13.83,-12.42,-9.04
11,W,92,84,7,6,18,False,0.0,0.0,0.0,0.0,0.0,0.0,0.0,0.0,0.0,0.0,0.0,0.0,-2.0,98.0,111.0,12.47,12.86,-12.42,-12.67
20,L,98,104,8,8,18,False,0.0,0.0,0.0,0.0,0.0,0.0,0.0,0.0,0.0,0.0,0.0,0.0,-1.0,112.5,103.0,12.47,8.39,-10.79,-13.16
10,W,106,99,8,7,18,False,0.0,0.0,0.0,0.0,0.0,0.0,0.0,0.0,0.0,0.0,0.0,0.0,0.0,0.0,0.0,12.47,4.27,-11.9,-13.46
3,L,103,109,9,9,18,False,0.0,0.0,0.0,0.0,0.0,0.0,0.0,0.0,0.0,0.0,0.0,0.0,2.0,104.0,103.0,10.67,9.22,-12.65,-16.26
13,W,106,100,9,8,18,False,0.0,0.0,0.0,0.0,0.0,0.0,0.0,0.0,0.0,0.0,0.0,0.0,0.0,0.0,0.0,10.67,7.11,-15.11,-0.88
22,L,97,118,10,10,18,False,0.0,0.0,0.0,0.0,0.0,0.0,0.0,0.0,0.0,0.0,0.0,0.0,0.0,0.0,0.0,12.47,9.92,-14.0,-14.38
0,W,99,90,10,9,18,False,0.0,0.0,0.0,0.0,0.0,0.0,0.0,0.0,0.0,0.0,0.0,0.0,0.0,0.0,0.0,10.41,7.54,-16.4,-10.68
2,L,110,112,11,11,18,False,0.0,0.0,0.0,0.0,0.0,0.0,0.0,0.0,0.0,0.0,0.0,0.0,0.0,0.0,0.0,10.41,6.4,-9.51,-16.14
3,L,115,119,11,12,18,False,0.0,0.0,0.0,0.0,0.0,0.0,0.0,0.0,0.0,0.0,0.0,0.0,-1.0,103.5,106.0,6.03,13.67,-7.39,-13.82
7,L,99,113,11,13,18,False,0.0,0.0,0.0,0.0,0.0,0.0,0.0,0.0,0.0,0.0,0.0,0.0,0.0,0.0,0.0,10.41,8.53,-7.48,-17.62
25,W,121,109,11,12,18,False,0.0,0.0,0.0,0.0,0.0,0.0,0.0,0.0,0.0,0.0,0.0,0.0,0.0,0.0,0.0,8.61,9.9,-8.54,-15.37
11,L,102,122,12,14,18,False,0.0,0.0,0.0,0.0,0.0,0.0,0.0,0.0,0.0,0.0,0.0,0.0,1.0,95.0,97.5,7.57,16.44,-10.37,-15.94
26,L,87,90,12,15,18,False,0.0,0.0,0.0,0.0,0.0,0.0,0.0,0.0,0.0,0.0,0.0,0.0,-1.0,104.0,113.0,8.61,8.93,-8.54,-17.6
16,L,97,112,12,16,18,False,0.0,0.0,0.0,0.0,0.0,0.0,0.0,0.0,0.0,0.0,0.0,0.0,-1.0,106.5,105.0,3.86,11.32,-10.8,-7.86
9,L,96,105,12,17,18,False,0.0,0.0,0.0,0.0,0.0,0.0,0.0,0.0,0.0,0.0,0.0,0.0,0.0,0.0,0.0,7.67,9.78,-10.8,-11.7
10,W,116,103,12,16,18,False,0.0,0.0,0.0,0.0,0.0,0.0,0.0,0.0,0.0,0.0,0.0,0.0,1.0,106.0,99.0,7.67,-5.21,-6.47,-14.8
1,L,107,114,13,18,18,False,0.0,0.0,0.0,0.0,0.0,0.0,0.0,0.0,0.0,0.0,0.0,0.0,1.0,138.0,134.0,7.59,9.61,-5.47,-15.84
8,W,105,91,13,17,18,False,0.0,0.0,0.0,0.0,0.0,0.0,0.0,0.0,0.0,0.0,0.0,0.0,0.0,0.0,0.0,7.59,-0.81,-13.77,-13.15
28,L,117,124,14,19,18,False,0.0,0.0,0.0,0.0,0.0,0.0,0.0,0.0,0.0,0.0,0.0,0.0,0.0,0.0,0.0,9.39,-0.75,-13.55,-4.31
0,W,101,87,14,18,18,False,0.0,0.0,0.0,0.0,0.0,0.0,0.0,0.0,0.0,0.0,0.0,0.0,1.0,99.0,90.0,12.47,2.46,-13.91,-17.25
17,W,96,88,15,18,18,False,0.0,0.0,0.0,0.0,0.0,0.0,0.0,0.0,0.0,0.0,0.0,0.0,0.0,0.0,0.0,12.47,-9.83,-15.49,-7.59
8,W,94,85,16,18,18,False,0.0,0.0,0.0,0.0,0.0,0.0,0.0,0.0,0.0,0.0,0.0,0.0,1.0,105.0,91.0,4.93,-2.51,-10.78,-3.13
19,L,80,95,17,20,18,False,0.0,0.0,0.0,0.0,0.0,0.0,0.0,0.0,0.0,0.0,0.0,0.0,0.0,0.0,0.0,-0.65,-4.54,-10.75,-9.08
26,L,105,120,17,21,18,False,0.0,0.0,0.0,0.0,0.0,0.0,0.0,0.0,0.0,0.0,0.0,0.0,-2.0,95.5,101.5,-3.49,14.8,-13.56,-12.43
11,W,104,94,17,20,18,False,0.0,0.0,0.0,0.0,0.0,0.0,0.0,0.0,0.0,0.0,0.0,0.0,-1.0,97.3,105.7,7.57,-0.17,-16.05,-11.02
1,W,108,105,18,20,18,False,0.0,0.0,0.0,0.0,0.0,0.0,0.0,0.0,0.0,0.0,0.0,0.0,-1.0,122.5,124.0,10.41,16.9,-17.8,-14.12
1,L,75,99,19,22,18,False,0.0,0.0,0.0,0.0,0.0,0.0,0.0,0.0,0.0,0.0,0.0,0.0,2.0,117.7,117.7,5.39,16.9,-18.92,-14.05
25,W,111,96,19,21,18,False,0.0,0.0,0.0,0.0,0.0,0.0,0.0,0.0,0.0,0.0,0.0,0.0,1.0,121.0,109.0,10.41,1.47,-17.8,-15.28
6,W,108,85,20,21,18,False,0.0,0.0,0.0,0.0,0.0,0.0,0.0,0.0,0.0,0.0,0.0,0.0,0.0,0.0,0.0,10.41,2.78,-16.22,-13.25
0,W,117,108,21,21,18,False,0.0,0.0,0.0,0.0,0.0,0.0,0.0,0.0,0.0,0.0,0.0,0.0,1.0,100.0,88.5,10.41,4.91,-15.07,-17.11
4,L,87,97,22,23,18,False,0.0,0.0,0.0,0.0,0.0,0.0,0.0,0.0,0.0,0.0,0.0,0.0,-2.0,96.0,104.0,10.41,11.03,-16.72,-12.17
17,L,110,112,22,24,18,False,0.0,0.0,0.0,0.0,0.0,0.0,0.0,0.0,0.0,0.0,0.0,0.0,2.0,96.0,88.0,12.47,9.8,-14.99,-14.82
12,W,110,102,22,24,18,False,0.0,0.0,0.0,0.0,0.0,0.0,0.0,0.0,0.0,0.0,0.0,0.0,0.0,0.0,0.0,10.41,-1.75,-12.3,-8.65
5,L,93,95,23,26,18,False,0.0,0.0,0.0,0.0,0.0,0.0,0.0,0.0,0.0,0.0,0.0,0.0,-1.0,109.0,126.0,10.67,-3.7,-12.24,-12.79
15,L,96,110,23,27,18,False,0.0,0.0,0.0,0.0,0.0,0.0,0.0,0.0,0.0,0.0,0.0,0.0,0.0,0.0,0.0,12.47,6.1,-12.24,-6.19
16,L,108,123,23,28,18,False,0.0,0.0,0.0,0.0,0.0,0.0,0.0,0.0,0.0,0.0,0.0,0.0,-3.0,103.3,107.3,12.47,11.32,-11.45,-6.3
24,W,116,96,23,27,18,False,0.0,0.0,0.0,0.0,0.0,0.0,0.0,0.0,0.0,0.0,0.0,0.0,0.0,0.0,0.0,12.47,6.81,-11.45,-11.88
14,L,108,120,24,29,18,False,0.0,0.0,0.0,0.0,0.0,0.0,0.0,0.0,0.0,0.0,0.0,0.0,0.0,0.0,0.0,12.47,9.56,-11.45,-11.02
13,L,115,122,24,30,18,False,0.0,0.0,0.0,0.0,0.0,0.0,0.0,0.0,0.0,0.0,0.0,0.0,1.0,106.0,100.0,12.47,14.36,-11.45,-6.73
27,L,104,113,24,31,18,False,0.0,0.0,0.0,0.0,0.0,0.0,0.0,0.0,0.0,0.0,0.0,0.0,0.0,0.0,0.0,10.41,3.94,-10.68,-12.43
7,L,115,132,24,32,18,False,0.0,0.0,0.0,0.0,0.0,0.0,0.0,0.0,0.0,0.0,0.0,0.0,-3.0,99.0,113.0,9.63,8.53,-10.65,-14.6
9,W,116,114,24,31,18,False,0.0,0.0,0.0,0.0,0.0,0.0,0.0,0.0,0.0,0.0,0.0,0.0,-4.0,96.0,105.0,5.58,3.7,-10.61,-10.58
23,L,103,112,25,33,18,False,0.0,0.0,0.0,0.0,0.0,0.0,0.0,0.0,0.0,0.0,0.0,0.0,0.0,0.0,0.0,5.58,-5.67,-10.61,-18.41
19,L,123,127,25,34,18,False,0.0,0.0,0.0,0.0,0.0,0.0,0.0,0.0,0.0,0.0,0.0,0.0,-1.0,80.0,95.0,5.58,-8.21,-10.61,-14.67
2,L,106,111,25,35,18,False,0.0,0.0,0.0,0.0,0.0,0.0,0.0,0.0,0.0,0.0,0.0,0.0,-1.0,110.0,112.0,5.58,-2.52,-7.85,-10.47
15,L,100,115,25,36,18,False,0.0,0.0,0.0,0.0,0.0,0.0,0.0,0.0,0.0,0.0,0.0,0.0,-2.0,96.0,110.0,10.41,11.39,-12.3,-11.43
21,L,109,125,25,37,18,False,0.0,0.0,0.0,0.0,0.0,0.0,0.0,0.0,0.0,0.0,0.0,0.0,1.0,107.5,97.5,10.41,10.76,-10.68,-10.37
21,L,108,123,25,38,18,False,0.0,0.0,0.0,0.0,0.0,0.0,0.0,0.0,0.0,0.0,0.0,0.0,-5.0,108.0,106.7,10.41,10.76,-10.68,-10.37
22,L,114,115,25,39,18,False,0.0,0.0,0.0,0.0,0.0,0.0,0.0,0.0,0.0,0.0,0.0,0.0,-1.0,97.0,118.0,10.41,0.91,-9.87,-11.12
12,W,116,93,25,38,18,False,0.0,0.0,0.0,0.0,0.0,0.0,0.0,0.0,0.0,0.0,0.0,0.0,1.0,110.0,102.0,10.41,2.55,-10.66,-10.09
24,W,131,115,26,38,18,False,0.0,0.0,0.0,0.0,0.0,0.0,0.0,0.0,0.0,0.0,0.0,0.0,1.0,116.0,96.0,10.41,12.63,-14.77,-3.48
6,W,107,77,27,38,18,False,0.0,0.0,0.0,0.0,0.0,0.0,0.0,0.0,0.0,0.0,0.0,0.0,2.0,108.0,85.0,10.41,1.92,-16.95,-8.16
14,L,114,118,28,40,18,False,0.0,0.0,0.0,0.0,0.0,0.0,0.0,0.0,0.0,0.0,0.0,0.0,-1.0,108.0,120.0,10.41,9.56,-16.93,-12.58
2,L,107,110,28,41,18,False,0.0,0.0,0.0,0.0,0.0,0.0,0.0,0.0,0.0,0.0,0.0,0.0,-3.0,108.0,111.5,10.41,3.69,-16.93,-11.24
23,W,128,98,28,40,18,False,0.0,0.0,0.0,0.0,0.0,0.0,0.0,0.0,0.0,0.0,0.0,0.0,-1.0,103.0,112.0,10.41,-12.05,-16.93,-16.84
28,W,100,97,29,40,18,False,0.0,0.0,0.0,0.0,0.0,0.0,0.0,0.0,0.0,0.0,0.0,0.0,-1.0,117.0,124.0,10.41,0.37,-17.77,-10.85
27,L,93,108,30,42,18,False,0.0,0.0,0.0,0.0,0.0,0.0,0.0,0.0,0.0,0.0,0.0,0.0,-3.0,104.0,113.0,10.41,5.18,-17.77,-9.48
0,L,111,117,30,43,18,False,0.0,0.0,0.0,0.0,0.0,0.0,0.0,0.0,0.0,0.0,0.0,0.0,3.0,105.7,95.0,3.86,2.59,-19.93,-13.13
4,W,121,106,30,42,18,False,0.0,0.0,0.0,0.0,0.0,0.0,0.0,0.0,0.0,0.0,0.0,0.0,-1.0,91.5,100.5,-1.58,10.21,-15.4,-3.44
15,W,111,103,31,42,18,False,0.0,0.0,0.0,0.0,0.0,0.0,0.0,0.0,0.0,0.0,0.0,0.0,-4.0,98.0,112.5,-1.58,11.39,-15.4,-14.3
8,W,104,102,32,42,18,False,0.0,0.0,0.0,0.0,0.0,0.0,0.0,0.0,0.0,0.0,0.0,0.0,3.0,99.5,88.0,10.41,-0.48,-16.79,-12.52
3,W,109,104,33,42,18,False,0.0,0.0,0.0,0.0,0.0,0.0,0.0,0.0,0.0,0.0,0.0,0.0,-2.0,107.3,110.3,10.41,10.21,-16.79,-13.33
4,L,114,125,34,44,18,False,0.0,0.0,0.0,0.0,0.0,0.0,0.0,0.0,0.0,0.0,0.0,0.0,1.0,101.3,102.3,10.41,10.21,-16.79,-1.01
5,L,101,119,34,45,18,False,0.0,0.0,0.0,0.0,0.0,0.0,0.0,0.0,0.0,0.0,0.0,0.0,-1.0,101.0,110.5,3.86,0.1,-11.33,-11.52
20,W,118,88,34,44,18,False,0.0,0.0,0.0,0.0,0.0,0.0,0.0,0.0,0.0,0.0,0.0,0.0,-1.0,107.7,103.3,3.86,-3.29,-19.93,-2.69
2,L,98,110,35,46,18,False,0.0,0.0,0.0,0.0,0.0,0.0,0.0,0.0,0.0,0.0,0.0,0.0,-2.0,107.7,111.0,-1.58,10.43,-13.75,-7.65
28,W,114,92,35,45,18,False,0.0,0.0,0.0,0.0,0.0,0.0,0.0,0.0,0.0,0.0,0.0,0.0,2.0,108.5,110.5,-1.58,-12.73,-15.4,-15.62
26,W,105,94,36,45,18,False,0.0,0.0,0.0,0.0,0.0,0.0,0.0,0.0,0.0,0.0,0.0,0.0,-2.0,98.7,107.7,-5.95,4.17,-9.79,-10.2
27,L,86,107,0,2,19,False,0.0,0.0,0.0,0.0,0.0,0.0,0.0,0.0,0.0,0.0,0.0,0.0,0.0,0.0,0.0,0.0,0.0,0.0,0.0
10,L,91,124,0,3,19,False,0.0,0.0,0.0,0.0,0.0,0.0,0.0,0.0,0.0,0.0,0.0,0.0,0.0,0.0,0.0,27.33,23.07,14.29,17.74
21,L,103,115,0,4,19,False,0.0,0.0,0.0,0.0,0.0,0.0,0.0,0.0,0.0,0.0,0.0,0.0,0.0,0.0,0.0,-5.25,10.35,-5.25,-2.87
9,L,98,106,0,5,19,False,0.0,0.0,0.0,0.0,0.0,0.0,0.0,0.0,0.0,0.0,0.0,0.0,0.0,0.0,0.0,0.15,10.72,-8.82,-9.52
13,W,123,115,0,4,19,False,0.0,0.0,0.0,0.0,0.0,0.0,0.0,0.0,0.0,0.0,0.0,0.0,0.0,0.0,0.0,1.01,6.81,-9.22,-2.77
9,L,82,103,1,6,19,False,0.0,0.0,0.0,0.0,0.0,0.0,0.0,0.0,0.0,0.0,0.0,0.0,-4.0,98.0,106.0,3.37,9.78,-12.41,-10.77
12,L,94,99,1,7,19,False,0.0,0.0,0.0,0.0,0.0,0.0,0.0,0.0,0.0,0.0,0.0,0.0,0.0,0.0,0.0,0.55,6.78,-10.56,-3.65
13,W,107,104,1,6,19,False,0.0,0.0,0.0,0.0,0.0,0.0,0.0,0.0,0.0,0.0,0.0,0.0,1.0,123.0,115.0,3.85,4.23,-11.82,-4.48
25,W,99,94,2,6,19,False,0.0,0.0,0.0,0.0,0.0,0.0,0.0,0.0,0.0,0.0,0.0,0.0,0.0,0.0,0.0,3.37,4.43,-13.62,-9.37
24,W,105,103,4,6,19,False,0.0,0.0,0.0,0.0,0.0,0.0,0.0,0.0,0.0,0.0,0.0,0.0,0.0,0.0,0.0,3.37,10.63,-13.87,-6.74
2,L,96,120,5,8,19,False,0.0,0.0,0.0,0.0,0.0,0.0,0.0,0.0,0.0,0.0,0.0,0.0,0.0,0.0,0.0,3.37,7.03,-11.61,-11.94
15,L,90,103,5,9,19,False,0.0,0.0,0.0,0.0,0.0,0.0,0.0,0.0,0.0,0.0,0.0,0.0,0.0,0.0,0.0,3.37,4.25,-11.07,-18.93
10,W,101,89,5,8,19,False,0.0,0.0,0.0,0.0,0.0,0.0,0.0,0.0,0.0,0.0,0.0,0.0,-2.0,91.0,124.0,3.37,2.63,-11.94,-9.13
16,L,89,96,6,10,19,False,0.0,0.0,0.0,0.0,0.0,0.0,0.0,0.0,0.0,0.0,0.0,0.0,0.0,0.0,0.0,3.37,11.32,-12.52,-7.41
1,L,105,111,6,11,19,False,0.0,0.0,0.0,0.0,0.0,0.0,0.0,0.0,0.0,0.0,0.0,0.0,0.0,0.0,0.0,3.85,11.49,-13.14,-15.78
0,L,101,113,6,12,19,False,0.0,0.0,0.0,0.0,0.0,0.0,0.0,0.0,0.0,0.0,0.0,0.0,0.0,0.0,0.0,-2.38,7.54,-12.46,-14.49
27,L,104,110,6,13,19,False,0.0,0.0,0.0,0.0,0.0,0.0,0.0,0.0,0.0,0.0,0.0,0.0,-1.0,86.0,107.0,-3.43,12.0,-12.77,-10.39
28,L,99,101,6,14,19,False,0.0,0.0,0.0,0.0,0.0,0.0,0.0,0.0,0.0,0.0,0.0,0.0,0.0,0.0,0.0,3.37,10.65,-13.95,-6.87
10,L,89,102,6,15,19,False,0.0,0.0,0.0,0.0,0.0,0.0,0.0,0.0,0.0,0.0,0.0,0.0,1.0,96.0,106.5,3.37,3.44,-14.31,-12.49
10,L,110,114,6,16,19,False,0.0,0.0,0.0,0.0,0.0,0.0,0.0,0.0,0.0,0.0,0.0,0.0,-6.0,93.7,105.0,-0.58,3.44,-12.45,-10.85
14,L,79,152,6,17,19,False,0.0,0.0,0.0,0.0,0.0,0.0,0.0,0.0,0.0,0.0,0.0,0.0,0.0,0.0,0.0,-6.27,6.1,-12.72,-12.73
8,W,114,103,6,16,19,False,0.0,0.0,0.0,0.0,0.0,0.0,0.0,0.0,0.0,0.0,0.0,0.0,0.0,0.0,0.0,3.37,3.84,-12.65,-12.17
26,W,110,109,7,16,19,False,0.0,0.0,0.0,0.0,0.0,0.0,0.0,0.0,0.0,0.0,0.0,0.0,0.0,0.0,0.0,3.37,8.93,-12.65,-17.41
13,L,95,116,8,18,19,False,0.0,0.0,0.0,0.0,0.0,0.0,0.0,0.0,0.0,0.0,0.0,0.0,1.0,115.0,109.5,3.37,5.75,-13.03,-0.03
6,L,84,103,8,19,19,False,0.0,0.0,0.0,0.0,0.0,0.0,0.0,0.0,0.0,0.0,0.0,0.0,0.0,0.0,0.0,3.37,-0.8,-13.21,-12.52
12,W,104,103,8,19,19,False,0.0,0.0,0.0,0.0,0.0,0.0,0.0,0.0,0.0,0.0,0.0,0.0,-2.0,94.0,99.0,0.15,-0.03,-11.35,-11.83
14,W,102,99,9,19,19,False,0.0,0.0,0.0,0.0,0.0,0.0,0.0,0.0,0.0,0.0,0.0,0.0,-8.0,79.0,152.0,1.19,14.43,-11.88,-12.58
7,W,108,94,10,19,19,False,0.0,0.0,0.0,0.0,0.0,0.0,0.0,0.0,0.0,0.0,0.0,0.0,0.0,0.0,0.0,1.19,8.53,-12.85,-15.36
22,L,101,113,11,21,19,False,0.0,0.0,0.0,0.0,0.0,0.0,0.0,0.0,0.0,0.0,0.0,0.0,0.0,0.0,0.0,0.15,9.92,-12.12,-13.8
24,L,111,117,12,22,19,False,0.0,0.0,0.0,0.0,0.0,0.0,0.0,0.0,0.0,0.0,0.0,0.0,4.0,105.0,103.0,-4.54,9.94,-12.02,-11.69
22,L,97,115,12,23,19,False,0.0,0.0,0.0,0.0,0.0,0.0,0.0,0.0,0.0,0.0,0.0,0.0,-1.0,101.0,113.0,-10.24,4.6,-7.94,-14.26
6,L,86,95,13,24,19,False,0.0,0.0,0.0,0.0,0.0,0.0,0.0,0.0,0.0,0.0,0.0,0.0,-2.0,84.0,103.0,-9.89,2.78,-8.35,-12.76
17,L,90,98,13,25,19,False,0.0,0.0,0.0,0.0,0.0,0.0,0.0,0.0,0.0,0.0,0.0,0.0,0.0,0.0,0.0,-3.62,9.8,-9.95,-15.23
17,L,105,135,13,26,19,False,0.0,0.0,0.0,0.0,0.0,0.0,0.0,0.0,0.0,0.0,0.0,0.0,-2.0,90.0,98.0,0.15,9.29,-10.54,-15.55
7,L,95,99,13,27,19,False,0.0,0.0,0.0,0.0,0.0,0.0,0.0,0.0,0.0,0.0,0.0,0.0,3.0,108.0,94.0,1.19,6.66,-11.98,-11.6
28,L,118,122,13,28,19,False,0.0,0.0,0.0,0.0,0.0,0.0,0.0,0.0,0.0,0.0,0.0,0.0,-5.0,99.0,101.0,0.15,1.47,-11.84,-2.96
2,W,130,109,13,27,19,False,0.0,0.0,0.0,0.0,0.0,0.0,0.0,0.0,0.0,0.0,0.0,0.0,-1.0,96.0,120.0,0.15,-6.5,-11.84,-13.53
5,L,102,107,14,29,19,False,0.0,0.0,0.0,0.0,0.0,0.0,0.0,0.0,0.0,0.0,0.0,0.0,0.0,0.0,0.0,1.19,3.84,-9.67,-13.18
6,L,102,104,14,30,19,False,0.0,0.0,0.0,0.0,0.0,0.0,0.0,0.0,0.0,0.0,0.0,0.0,-1.0,85.0,99.0,3.37,5.1,-12.56,-12.96
25,L,96,118,14,31,19,False,0.0,0.0,0.0,0.0,0.0,0.0,0.0,0.0,0.0,0.0,0.0,0.0,2.0,99.0,94.0,0.15,9.9,-9.96,-11.88
4,L,98,121,14,32,19,False,0.0,0.0,0.0,0.0,0.0,0.0,0.0,0.0,0.0,0.0,0.0,0.0,0.0,0.0,0.0,0.15,13.83,-9.03,-11.38
5,L,87,94,14,33,19,False,0.0,0.0,0.0,0.0,0.0,0.0,0.0,0.0,0.0,0.0,0.0,0.0,-1.0,102.0,107.0,3.37,6.8,-11.38,-14.28
3,L,110,111,14,34,19,False,0.0,0.0,0.0,0.0,0.0,0.0,0.0,0.0,0.0,0.0,0.0,0.0,0.0,0.0,0.0,0.15,0.49,-9.83,-16.79
11,L,110,113,14,35,19,False,0.0,0.0,0.0,0.0,0.0,0.0,0.0,0.0,0.0,0.0,0.0,0.0,0.0,0.0,0.0,-0.19,7.83,-9.73,-13.89
23,W,98,81,14,34,19,False,0.0,0.0,0.0,0.0,0.0,0.0,0.0,0.0,0.0,0.0,0.0,0.0,0.0,0.0,0.0,-6.5,7.58,-10.73,-20.21
6,W,120,114,15,34,19,False,0.0,0.0,0.0,0.0,0.0,0.0,0.0,0.0,0.0,0.0,0.0,0.0,-2.0,90.7,100.7,-7.97,2.78,-9.92,-14.85
23,W,96,93,16,34,19,False,0.0,0.0,0.0,0.0,0.0,0.0,0.0,0.0,0.0,0.0,0.0,0.0,1.0,98.0,81.0,-4.75,-2.29,-11.26,-18.0
24,L,103,113,17,36,19,False,0.0,0.0,0.0,0.0,0.0,0.0,0.0,0.0,0.0,0.0,0.0,0.0,-1.0,108.0,110.0,-7.51,6.81,-11.61,-8.87
9,L,98,110,17,37,19,False,0.0,0.0,0.0,0.0,0.0,0.0,0.0,0.0,0.0,0.0,0.0,0.0,-1.0,90.0,104.5,-3.28,6.93,-13.22,-11.68
26,L,98,117,17,38,19,False,0.0,0.0,0.0,0.0,0.0,0.0,0.0,0.0,0.0,0.0,0.0,0.0,2.0,110.0,109.0,-3.28,14.8,-14.42,-10.09
21,L,87,100,17,39,19,False,0.0,0.0,0.0,0.0,0.0,0.0,0.0,0.0,0.0,0.0,0.0,0.0,-3.0,103.0,115.0,-3.28,7.86,-14.02,-15.45
3,L,101,106,17,40,19,False,0.0,0.0,0.0,0.0,0.0,0.0,0.0,0.0,0.0,0.0,0.0,0.0,-6.0,110.0,111.0,-4.34,-0.68,-11.36,-14.56
25,L,106,114,18,41,19,False,0.0,0.0,0.0,0.0,0.0,0.0,0.0,0.0,0.0,0.0,0.0,0.0,-3.0,97.5,106.0,-8.21,8.78,-16.24,-11.74
22,L,104,124,18,42,19,False,0.0,0.0,0.0,0.0,0.0,0.0,0.0,0.0,0.0,0.0,0.0,0.0,-2.0,99.0,114.0,-0.02,6.87,-18.26,-11.88
11,W,129,125,18,41,19,False,0.0,0.0,0.0,0.0,0.0,0.0,0.0,0.0,0.0,0.0,0.0,0.0,-7.0,110.0,113.0,-5.03,2.09,-18.16,-15.1
24,L,110,131,19,43,19,False,0.0,0.0,0.0,0.0,0.0,0.0,0.0,0.0,0.0,0.0,0.0,0.0,-1.0,106.3,111.0,-5.03,12.63,-16.88,-5.74
7,W,119,107,19,42,19,False,0.0,0.0,0.0,0.0,0.0,0.0,0.0,0.0,0.0,0.0,0.0,0.0,-4.0,101.5,96.5,-4.93,8.53,-16.26,-15.14
17,L,101,138,20,44,19,False,0.0,0.0,0.0,0.0,0.0,0.0,0.0,0.0,0.0,0.0,0.0,0.0,-3.0,97.5,116.5,-4.93,4.39,-16.26,-16.55
27,L,103,116,20,45,19,False,0.0,0.0,0.0,0.0,0.0,0.0,0.0,0.0,0.0,0.0,0.0,0.0,-4.0,95.0,108.5,-4.92,6.68,-16.57,-9.22
16,L,115,142,20,46,19,False,0.0,0.0,0.0,0.0,0.0,0.0,0.0,0.0,0.0,0.0,0.0,0.0,-1.0,89.0,96.0,-5.03,9.83,-16.18,-16.45
17,L,102,132,20,47,19,False,0.0,0.0,0.0,0.0,0.0,0.0,0.0,0.0,0.0,0.0,0.0,0.0,-1.0,98.7,123.7,-5.67,11.31,-15.65,-18.41
14,L,118,125,20,48,19,False,0.0,0.0,0.0,0.0,0.0,0.0,0.0,0.0,0.0,0.0,0.0,0.0,2.0,90.5,125.5,-5.24,14.43,-14.54,-11.15
4,L,116,134,20,49,19,False,0.0,0.0,0.0,0.0,0.0,0.0,0.0,0.0,0.0,0.0,0.0,0.0,-4.0,98.0,121.0,-5.33,10.21,-14.47,-3.44
25,L,120,122,20,50,19,False,0.0,0.0,0.0,0.0,0.0,0.0,0.0,0.0,0.0,0.0,0.0,0.0,-1.0,100.3,108.7,-5.03,7.85,-14.68,-15.09
15,L,108,120,20,51,19,False,0.0,0.0,0.0,0.0,0.0,0.0,0.0,0.0,0.0,0.0,0.0,0.0,-2.0,90.0,103.0,-4.7,2.05,-14.92,-9.84
20,L,85,90,20,52,19,False,0.0,0.0,0.0,0.0,0.0,0.0,0.0,0.0,0.0,0.0,0.0,0.0,0.0,0.0,0.0,-11.73,5.7,-14.76,-10.67
1,L,123,132,20,53,19,False,0.0,0.0,0.0,0.0,0.0,0.0,0.0,0.0,0.0,0.0,0.0,0.0,-2.0,105.0,111.0,-5.03,15.11,-14.68,-19.57
20,W,118,102,20,52,19,False,0.0,0.0,0.0,0.0,0.0,0.0,0.0,0.0,0.0,0.0,0.0,0.0,-9.0,85.0,90.0,-11.73,2.67,-14.76,-13.4
7,L,107,113,21,54,19,False,0.0,0.0,0.0,0.0,0.0,0.0,0.0,0.0,0.0,0.0,0.0,0.0,1.0,107.3,100.0,-11.93,8.53,-14.59,-15.7
23,W,134,131,21,53,19,False,0.0,0.0,0.0,0.0,0.0,0.0,0.0,0.0,0.0,0.0,0.0,0.0,3.0,97.0,87.0,-16.45,-18.58,-13.04,-18.48
0,L,118,136,22,55,19,False,0.0,0.0,0.0,0.0,0.0,0.0,0.0,0.0,0.0,0.0,0.0,0.0,-3.0,101.0,113.0,-16.45,-0.14,-12.48,-10.14
8,L,101,110,22,56,19,False,0.0,0.0,0.0,0.0,0.0,0.0,0.0,0.0,0.0,0.0,0.0,0.0,1.0,114.0,103.0,-13.41,-2.13,-13.82,-12.52
22,W,117,96,22,55,19,False,0.0,0.0,0.0,0.0,0.0,0.0,0.0,0.0,0.0,0.0,0.0,0.0,-2.0,100.7,117.3,-16.45,-1.67,-12.49,-4.09
23,W,98,94,23,55,19,False,0.0,0.0,0.0,0.0,0.0,0.0,0.0,0.0,0.0,0.0,0.0,0.0,1.0,109.3,101.7,-16.54,-16.36,-13.86,-17.12
27,L,101,137,24,57,19,False,0.0,0.0,0.0,0.0,0.0,0.0,0.0,0.0,0.0,0.0,0.0,0.0,-2.0,97.7,111.0,-3.3,-5.5,-15.21,-6.79
13,L,101,120,24,58,19,False,0.0,0.0,0.0,0.0,0.0,0.0,0.0,0.0,0.0,0.0,0.0,0.0,-1.0,108.3,111.7,-9.48,-2.06,-8.77,-13.28
12,L,88,138,24,59,19,False,0.0,0.0,0.0,0.0,0.0,0.0,0.0,0.0,0.0,0.0,0.0,0.0,1.0,99.0,101.0,-8.94,-3.09,-11.89,-7.32
25,L,97,123,0,2,20,False,0.0,0.0,0.0,0.0,0.0,0.0,0.0,0.0,0.0,0.0,0.0,0.0,0.0,0.0,0.0,0.0,0.0,0.0,0.0
15,L,90,107,1,4,20,False,0.0,0.0,0.0,0.0,0.0,0.0,0.0,0.0,0.0,0.0,0.0,0.0,0.0,0.0,0.0,7.92,14.63,-10.71,2.1
4,L,111,120,1,5,20,False,0.0,0.0,0.0,0.0,0.0,0.0,0.0,0.0,0.0,0.0,0.0,0.0,0.0,0.0,0.0,6.99,15.97,-7.25,-9.44
26,L,109,110,1,6,20,False,0.0,0.0,0.0,0.0,0.0,0.0,0.0,0.0,0.0,0.0,0.0,0.0,0.0,0.0,0.0,8.39,13.67,-12.02,-13.05
8,L,103,110,1,7,20,False,0.0,0.0,0.0,0.0,0.0,0.0,0.0,0.0,0.0,0.0,0.0,0.0,0.0,0.0,0.0,8.39,4.39,-11.77,-12.74
17,W,115,97,1,6,20,False,0.0,0.0,0.0,0.0,0.0,0.0,0.0,0.0,0.0,0.0,0.0,0.0,0.0,0.0,0.0,8.39,9.29,-6.52,-5.24
1,L,79,92,2,8,20,False,0.0,0.0,0.0,0.0,0.0,0.0,0.0,0.0,0.0,0.0,0.0,0.0,0.0,0.0,0.0,8.39,16.9,-9.07,-10.57
25,L,89,102,2,9,20,False,0.0,0.0,0.0,0.0,0.0,0.0,0.0,0.0,0.0,0.0,0.0,0.0,-1.0,97.0,123.0,8.39,4.43,-12.9,-10.89
27,W,107,100,2,8,20,False,0.0,0.0,0.0,0.0,0.0,0.0,0.0,0.0,0.0,0.0,0.0,0.0,0.0,0.0,0.0,8.39,10.69,-11.75,-14.67
2,L,90,123,3,10,20,False,0.0,0.0,0.0,0.0,0.0,0.0,0.0,0.0,0.0,0.0,0.0,0.0,0.0,0.0,0.0,8.39,7.03,-12.92,-13.8
28,L,92,104,3,11,20,False,0.0,0.0,0.0,0.0,0.0,0.0,0.0,0.0,0.0,0.0,0.0,0.0,0.0,0.0,0.0,8.39,3.94,-13.04,2.69
0,L,111,129,3,12,20,False,0.0,0.0,0.0,0.0,0.0,0.0,0.0,0.0,0.0,0.0,0.0,0.0,0.0,0.0,0.0,5.24,7.54,-13.25,-14.48
2,L,113,115,4,13,20,False,0.0,0.0,0.0,0.0,0.0,0.0,0.0,0.0,0.0,0.0,0.0,0.0,-1.0,90.0,123.0,8.39,-2.24,-13.16,-10.95
16,L,108,117,4,14,20,False,0.0,0.0,0.0,0.0,0.0,0.0,0.0,0.0,0.0,0.0,0.0,0.0,0.0,0.0,0.0,3.23,11.32,-9.93,-8.44
16,L,92,123,4,15,20,False,0.0,0.0,0.0,0.0,0.0,0.0,0.0,0.0,0.0,0.0,0.0,0.0,-2.0,108.0,117.0,1.79,11.32,-8.37,-8.44
4,L,99,106,4,16,20,False,0.0,0.0,0.0,0.0,0.0,0.0,0.0,0.0,0.0,0.0,0.0,0.0,-2.0,111.0,120.0,3.23,13.83,-12.63,-9.32
3,L,88,123,4,17,20,False,0.0,0.0,0.0,0.0,0.0,0.0,0.0,0.0,0.0,0.0,0.0,0.0,0.0,0.0,0.0,3.23,13.67,-12.63,-8.87
5,L,92,105,4,18,20,False,0.0,0.0,0.0,0.0,0.0,0.0,0.0,0.0,0.0,0.0,0.0,0.0,0.0,0.0,0.0,-1.82,6.8,-9.02,-12.99
21,L,96,101,4,19,20,False,0.0,0.0,0.0,0.0,0.0,0.0,0.0,0.0,0.0,0.0,0.0,0.0,0.0,0.0,0.0,3.23,10.8,-12.63,-10.77
7,W,108,103,4,18,20,False,0.0,0.0,0.0,0.0,0.0,0.0,0.0,0.0,0.0,0.0,0.0,0.0,0.0,0.0,0.0,5.24,8.53,-12.63,-17.27
10,L,116,118,5,20,20,False,0.0,0.0,0.0,0.0,0.0,0.0,0.0,0.0,0.0,0.0,0.0,0.0,0.0,0.0,0.0,5.24,3.44,-12.63,-11.57
9,L,95,126,5,21,20,False,0.0,0.0,0.0,0.0,0.0,0.0,0.0,0.0,0.0,0.0,0.0,0.0,0.0,0.0,0.0,5.24,9.78,-12.63,-14.17
24,L,130,142,5,22,20,False,0.0,0.0,0.0,0.0,0.0,0.0,0.0,0.0,0.0,0.0,0.0,0.0,0.0,0.0,0.0,5.24,9.2,-12.63,-6.85
12,L,104,106,5,23,20,False,0.0,0.0,0.0,0.0,0.0,0.0,0.0,0.0,0.0,0.0,0.0,0.0,0.0,0.0,0.0,5.24,3.2,-12.63,-14.12
13,L,94,106,5,24,20,False,0.0,0.0,0.0,0.0,0.0,0.0,0.0,0.0,0.0,0.0,0.0,0.0,0.0,0.0,0.0,5.24,5.75,-12.63,-0.03
0,L,99,111,5,25,20,False,0.0,0.0,0.0,0.0,0.0,0.0,0.0,0.0,0.0,0.0,0.0,0.0,-3.0,111.0,129.0,2.16,2.54,-13.6,-10.66
15,L,105,115,5,26,20,False,0.0,0.0,0.0,0.0,0.0,0.0,0.0,0.0,0.0,0.0,0.0,0.0,-1.0,90.0,107.0,-4.48,-3.73,-2.28,-13.88
2,W,100,93,5,25,20,False,0.0,0.0,0.0,0.0,0.0,0.0,0.0,0.0,0.0,0.0,0.0,0.0,-1.0,101.5,119.0,-9.45,-6.39,11.88,-7.51
0,W,104,98,6,25,20,False,0.0,0.0,0.0,0.0,0.0,0.0,0.0,0.0,0.0,0.0,0.0,0.0,-6.0,105.0,120.0,-6.55,-5.06,-4.2,-6.92
15,L,83,93,7,28,20,False,0.0,0.0,0.0,0.0,0.0,0.0,0.0,0.0,0.0,0.0,0.0,0.0,-7.0,97.5,111.0,-2.63,-3.91,-10.02,-13.23
16,L,110,127,7,29,20,False,0.0,0.0,0.0,0.0,0.0,0.0,0.0,0.0,0.0,0.0,0.0,0.0,-3.0,100.0,120.0,-3.28,11.32,-13.98,-2.43
16,L,118,136,7,30,20,False,0.0,0.0,0.0,0.0,0.0,0.0,0.0,0.0,0.0,0.0,0.0,0.0,-3.0,103.3,122.3,-5.66,11.32,-6.57,-6.27
1,L,111,116,7,31,20,False,0.0,0.0,0.0,0.0,0.0,0.0,0.0,0.0,0.0,0.0,0.0,0.0,-1.0,79.0,92.0,0.12,11.43,-11.47,-18.41
3,L,98,102,7,32,20,False,0.0,0.0,0.0,0.0,0.0,0.0,0.0,0.0,0.0,0.0,0.0,0.0,-5.0,88.0,123.0,0.12,14.09,-11.17,-12.84
21,L,106,116,7,33,20,False,0.0,0.0,0.0,0.0,0.0,0.0,0.0,0.0,0.0,0.0,0.0,0.0,-7.0,96.0,101.0,5.24,8.45,-11.11,-18.74
8,L,92,97,7,34,20,False,0.0,0.0,0.0,0.0,0.0,0.0,0.0,0.0,0.0,0.0,0.0,0.0,-4.0,103.0,110.0,0.79,-1.1,-8.51,-12.61
28,L,100,102,7,35,20,False,0.0,0.0,0.0,0.0,0.0,0.0,0.0,0.0,0.0,0.0,0.0,0.0,-2.0,92.0,104.0,2.21,10.65,-11.6,-10.34
28,L,106,112,7,36,20,False,0.0,0.0,0.0,0.0,0.0,0.0,0.0,0.0,0.0,0.0,0.0,0.0,-9.0,96.0,103.0,-2.85,1.47,-7.93,-8.08
4,W,116,109,7,35,20,False,0.0,0.0,0.0,0.0,0.0,0.0,0.0,0.0,0.0,0.0,0.0,0.0,-4.0,105.0,113.0,-2.85,13.83,-8.24,-12.79
6,L,92,108,8,37,20,False,0.0,0.0,0.0,0.0,0.0,0.0,0.0,0.0,0.0,0.0,0.0,0.0,0.0,0.0,0.0,-2.85,5.1,-5.84,-12.66
23,L,88,98,8,38,20,False,0.0,0.0,0.0,0.0,0.0,0.0,0.0,0.0,0.0,0.0,0.0,0.0,0.0,0.0,0.0,-2.85,5.92,-5.84,-20.21
21,L,110,123,8,39,20,False,0.0,0.0,0.0,0.0,0.0,0.0,0.0,0.0,0.0,0.0,0.0,0.0,-7.0,101.0,108.5,4.87,7.78,-11.35,-13.02
13,L,105,116,8,40,20,False,0.0,0.0,0.0,0.0,0.0,0.0,0.0,0.0,0.0,0.0,0.0,0.0,-5.0,94.0,106.0,4.87,0.84,-9.16,-1.37
3,W,114,95,8,39,20,False,0.0,0.0,0.0,0.0,0.0,0.0,0.0,0.0,0.0,0.0,0.0,0.0,-6.0,93.0,112.5,8.39,-1.16,-11.68,-12.41
12,L,102,111,9,41,20,False,0.0,0.0,0.0,0.0,0.0,0.0,0.0,0.0,0.0,0.0,0.0,0.0,-4.0,104.0,106.0,8.39,-1.06,-11.68,-10.38
8,W,119,103,9,40,20,False,0.0,0.0,0.0,0.0,0.0,0.0,0.0,0.0,0.0,0.0,0.0,0.0,-8.0,97.5,103.5,8.39,-0.81,-11.68,-11.57
6,W,110,108,10,40,20,False,0.0,0.0,0.0,0.0,0.0,0.0,0.0,0.0,0.0,0.0,0.0,0.0,-1.0,92.0,108.0,8.39,2.78,-11.68,-14.85
3,L,115,126,11,42,20,False,0.0,0.0,0.0,0.0,0.0,0.0,0.0,0.0,0.0,0.0,0.0,0.0,1.0,100.0,106.7,8.39,7.69,-11.68,-15.22
11,W,119,118,11,41,20,False,0.0,0.0,0.0,0.0,0.0,0.0,0.0,0.0,0.0,0.0,0.0,0.0,0.0,0.0,0.0,8.39,-1.38,-11.68,-11.12
14,L,115,135,12,43,20,False,0.0,0.0,0.0,0.0,0.0,0.0,0.0,0.0,0.0,0.0,0.0,0.0,0.0,0.0,0.0,8.39,9.56,-11.68,-11.02
1,L,83,116,12,44,20,False,0.0,0.0,0.0,0.0,0.0,0.0,0.0,0.0,0.0,0.0,0.0,0.0,-5.0,95.0,104.0,8.39,16.9,-11.68,-11.69
23,W,113,95,12,43,20,False,0.0,0.0,0.0,0.0,0.0,0.0,0.0,0.0,0.0,0.0,0.0,0.0,-2.0,88.0,98.0,8.39,-9.71,-11.37,-16.89
27,L,99,114,13,45,20,False,0.0,0.0,0.0,0.0,0.0,0.0,0.0,0.0,0.0,0.0,0.0,0.0,1.0,107.0,100.0,8.39,3.94,-11.37,-9.46
22,L,105,132,13,46,20,False,0.0,0.0,0.0,0.0,0.0,0.0,0.0,0.0,0.0,0.0,0.0,0.0,0.0,0.0,0.0,8.39,9.92,-11.37,-11.12
7,L,111,121,13,47,20,False,0.0,0.0,0.0,0.0,0.0,0.0,0.0,0.0,0.0,0.0,0.0,0.0,1.0,108.0,103.0,8.39,6.22,-11.37,-16.19
0,L,109,130,13,48,20,False,0.0,0.0,0.0,0.0,0.0,0.0,0.0,0.0,0.0,0.0,0.0,0.0,2.0,104.7,112.7,8.39,2.59,-11.37,-14.19
10,W,119,111,13,47,20,False,0.0,0.0,0.0,0.0,0.0,0.0,0.0,0.0,0.0,0.0,0.0,0.0,-1.0,116.0,118.0,8.39,5.98,-11.07,-10.37
11,W,119,103,14,47,20,False,0.0,0.0,0.0,0.0,0.0,0.0,0.0,0.0,0.0,0.0,0.0,0.0,1.0,119.0,118.0,8.39,-6.86,-11.07,-4.01
11,L,114,122,15,49,20,False,0.0,0.0,0.0,0.0,0.0,0.0,0.0,0.0,0.0,0.0,0.0,0.0,2.0,119.0,110.5,8.39,2.09,-6.79,-10.41
26,W,103,97,15,48,20,False,0.0,0.0,0.0,0.0,0.0,0.0,0.0,0.0,0.0,0.0,0.0,0.0,-3.0,109.0,110.0,5.36,1.49,-11.39,-12.74
14,L,96,124,16,50,20,False,0.0,0.0,0.0,0.0,0.0,0.0,0.0,0.0,0.0,0.0,0.0,0.0,-1.0,115.0,135.0,2.67,9.56,-11.32,-11.02
22,L,99,102,16,51,20,False,0.0,0.0,0.0,0.0,0.0,0.0,0.0,0.0,0.0,0.0,0.0,0.0,-2.0,105.0,132.0,5.7,0.91,-9.73,-11.88
17,W,118,110,17,50,20,False,0.0,0.0,0.0,0.0,0.0,0.0,0.0,0.0,0.0,0.0,0.0,0.0,1.0,115.0,97.0,8.39,9.8,-10.77,-14.94
21,L,114,116,18,52,20,False,0.0,0.0,0.0,0.0,0.0,0.0,0.0,0.0,0.0,0.0,0.0,0.0,-3.0,104.0,113.3,8.39,10.76,-10.52,-11.6
2,L,108,150,18,53,20,False,0.0,0.0,0.0,0.0,0.0,0.0,0.0,0.0,0.0,0.0,0.0,0.0,1.0,101.0,110.3,5.7,6.99,-10.67,-6.96
8,L,120,134,18,54,20,False,0.0,0.0,0.0,0.0,0.0,0.0,0.0,0.0,0.0,0.0,0.0,0.0,1.0,104.7,103.3,1.79,-2.91,-10.45,-12.5
9,W,94,90,19,53,20,False,0.0,0.0,0.0,0.0,0.0,0.0,0.0,0.0,0.0,0.0,0.0,0.0,-2.0,95.0,126.0,5.7,3.85,-11.84,-13.74
24,L,110,114,20,56,20,False,0.0,0.0,0.0,0.0,0.0,0.0,0.0,0.0,0.0,0.0,0.0,0.0,-3.0,130.0,142.0,2.67,0.55,-12.18,-7.26
5,L,101,107,20,57,20,False,0.0,0.0,0.0,0.0,0.0,0.0,0.0,0.0,0.0,0.0,0.0,0.0,-6.0,92.0,105.0,5.7,7.22,-11.84,-13.29
28,L,110,127,20,58,20,False,0.0,0.0,0.0,0.0,0.0,0.0,0.0,0.0,0.0,0.0,0.0,0.0,-10.0,99.3,106.0,2.67,-7.71,-12.18,-8.34
26,L,89,102,20,59,20,False,0.0,0.0,0.0,0.0,0.0,0.0,0.0,0.0,0.0,0.0,0.0,0.0,1.0,106.0,103.5,2.67,14.8,-10.89,-9.92
5,W,120,115,20,59,20,False,0.0,0.0,0.0,0.0,0.0,0.0,0.0,0.0,0.0,0.0,0.0,0.0,-3.0,96.5,106.0,1.79,0.1,-10.43,-12.44
4,L,101,128,21,61,20,False,0.0,0.0,0.0,0.0,0.0,0.0,0.0,0.0,0.0,0.0,0.0,0.0,1.0,108.7,111.7,-2.71,10.21,-9.88,-7.83
15,W,125,111,21,60,20,False,0.0,0.0,0.0,0.0,0.0,0.0,0.0,0.0,0.0,0.0,0.0,0.0,-2.0,92.7,105.0,-5.4,-12.8,-10.05,-14.54
2,L,109,114,1,2,21,False,0.0,0.0,0.0,0.0,0.0,0.0,0.0,0.0,0.0,0.0,0.0,0.0,0.0,0.0,0.0,36.39,34.17,14.84,10.07
8,W,110,102,2,2,21,False,0.0,0.0,0.0,0.0,0.0,0.0,0.0,0.0,0.0,0.0,0.0,0.0,0.0,0.0,0.0,10.0,3.05,-11.36,-14.19
0,W,122,94,3,2,21,False,0.0,0.0,0.0,0.0,0.0,0.0,0.0,0.0,0.0,0.0,0.0,0.0,0.0,0.0,0.0,10.8,9.43,-7.87,-12.22
23,W,113,103,4,2,21,False,0.0,0.0,0.0,0.0,0.0,0.0,0.0,0.0,0.0,0.0,0.0,0.0,0.0,0.0,0.0,1.6,10.27,-8.89,-11.0
3,W,103,98,5,2,21,False,0.0,0.0,0.0,0.0,0.0,0.0,0.0,0.0,0.0,0.0,0.0,0.0,0.0,0.0,0.0,6.37,13.67,-13.38,-10.27
8,W,109,98,6,2,21,False,0.0,0.0,0.0,0.0,0.0,0.0,0.0,0.0,0.0,0.0,0.0,0.0,1.0,110.0,102.0,5.86,1.31,-10.52,-10.35
3,W,114,105,7,2,21,False,0.0,0.0,0.0,0.0,0.0,0.0,0.0,0.0,0.0,0.0,0.0,0.0,4.0,103.0,98.0,4.09,13.67,-6.2,-10.31
16,L,109,118,8,5,21,False,0.0,0.0,0.0,0.0,0.0,0.0,0.0,0.0,0.0,0.0,0.0,0.0,0.0,0.0,0.0,-3.62,7.57,-3.78,-10.39
26,L,109,115,8,6,21,False,0.0,0.0,0.0,0.0,0.0,0.0,0.0,0.0,0.0,0.0,0.0,0.0,0.0,0.0,0.0,5.29,13.67,-11.59,-15.91
11,L,113,118,8,7,21,False,0.0,0.0,0.0,0.0,0.0,0.0,0.0,0.0,0.0,0.0,0.0,0.0,0.0,0.0,0.0,5.29,16.44,-8.68,-9.9
27,L,85,120,8,8,21,False,0.0,0.0,0.0,0.0,0.0,0.0,0.0,0.0,0.0,0.0,0.0,0.0,0.0,0.0,0.0,6.39,12.0,-12.53,-12.68
7,W,103,89,8,7,21,False,0.0,0.0,0.0,0.0,0.0,0.0,0.0,0.0,0.0,0.0,0.0,0.0,0.0,0.0,0.0,5.38,8.53,-11.69,-13.37
23,L,111,118,9,9,21,False,0.0,0.0,0.0,0.0,0.0,0.0,0.0,0.0,0.0,0.0,0.0,0.0,3.0,113.0,103.0,5.38,10.44,-12.3,-12.37
24,W,102,94,9,8,21,False,0.0,0.0,0.0,0.0,0.0,0.0,0.0,0.0,0.0,0.0,0.0,0.0,0.0,0.0,0.0,-2.05,10.72,-6.11,-7.15
9,L,96,116,10,10,21,False,0.0,0.0,0.0,0.0,0.0,0.0,0.0,0.0,0.0,0.0,0.0,0.0,0.0,0.0,0.0,0.16,9.78,-11.69,-12.56
17,L,120,121,10,11,21,False,0.0,0.0,0.0,0.0,0.0,0.0,0.0,0.0,0.0,0.0,0.0,0.0,0.0,0.0,0.0,10.07,7.03,-10.31,-15.3
1,L,87,88,11,12,21,False,0.0,0.0,0.0,0.0,0.0,0.0,0.0,0.0,0.0,0.0,0.0,0.0,0.0,0.0,0.0,10.8,16.9,-9.28,-13.34
0,W,98,96,11,11,21,False,0.0,0.0,0.0,0.0,0.0,0.0,0.0,0.0,0.0,0.0,0.0,0.0,2.0,122.0,94.0,6.4,2.54,-6.13,-13.81
4,W,127,124,12,11,21,False,0.0,0.0,0.0,0.0,0.0,0.0,0.0,0.0,0.0,0.0,0.0,0.0,0.0,0.0,0.0,8.75,6.9,-10.96,-15.92
4,W,110,106,13,11,21,False,0.0,0.0,0.0,0.0,0.0,0.0,0.0,0.0,0.0,0.0,0.0,0.0,2.0,127.0,124.0,10.8,6.9,-9.28,-14.85
27,L,96,118,14,13,21,False,0.0,0.0,0.0,0.0,0.0,0.0,0.0,0.0,0.0,0.0,0.0,0.0,-5.0,85.0,120.0,10.8,12.0,-9.28,-9.75
9,W,102,93,14,12,21,False,0.0,0.0,0.0,0.0,0.0,0.0,0.0,0.0,0.0,0.0,0.0,0.0,-1.0,96.0,116.0,10.07,9.78,-8.75,-11.7
14,L,91,126,15,14,21,False,0.0,0.0,0.0,0.0,0.0,0.0,0.0,0.0,0.0,0.0,0.0,0.0,0.0,0.0,0.0,2.35,6.1,-3.24,-13.6
15,L,96,101,15,15,21,False,0.0,0.0,0.0,0.0,0.0,0.0,0.0,0.0,0.0,0.0,0.0,0.0,0.0,0.0,0.0,10.07,-3.73,-11.07,-13.88
2,L,105,114,15,16,21,False,0.0,0.0,0.0,0.0,0.0,0.0,0.0,0.0,0.0,0.0,0.0,0.0,-1.0,109.0,114.0,8.75,2.33,-10.13,-15.06
1,W,108,103,15,15,21,False,0.0,0.0,0.0,0.0,0.0,0.0,0.0,0.0,0.0,0.0,0.0,0.0,-1.0,87.0,88.0,6.92,11.54,-10.89,-14.09
0,L,96,98,16,17,21,False,0.0,0.0,0.0,0.0,0.0,0.0,0.0,0.0,0.0,0.0,0.0,0.0,1.0,110.0,95.0,7.71,-4.24,-11.04,-6.62
28,W,117,96,16,16,21,False,0.0,0.0,0.0,0.0,0.0,0.0,0.0,0.0,0.0,0.0,0.0,0.0,0.0,0.0,0.0,10.07,-0.75,-8.81,-11.03
26,W,114,109,17,16,21,False,0.0,0.0,0.0,0.0,0.0,0.0,0.0,0.0,0.0,0.0,0.0,0.0,-3.0,109.0,115.0,10.07,-4.16,-17.48,12.34
2,W,110,102,18,16,21,False,0.0,0.0,0.0,0.0,0.0,0.0,0.0,0.0,0.0,0.0,0.0,0.0,-3.0,107.0,114.0,10.07,7.77,-12.84,-11.59
10,W,133,113,19,16,21,False,0.0,0.0,0.0,0.0,0.0,0.0,0.0,0.0,0.0,0.0,0.0,0.0,0.0,0.0,0.0,8.45,-0.37,-15.99,-16.59
25,W,119,100,21,16,21,False,0.0,0.0,0.0,0.0,0.0,0.0,0.0,0.0,0.0,0.0,0.0,0.0,0.0,0.0,0.0,7.71,-3.37,-16.67,-11.52
10,W,111,91,22,16,21,False,0.0,0.0,0.0,0.0,0.0,0.0,0.0,0.0,0.0,0.0,0.0,0.0,4.0,133.0,113.0,4.71,4.13,-15.86,-15.23
4,L,98,109,23,18,21,False,0.0,0.0,0.0,0.0,0.0,0.0,0.0,0.0,0.0,0.0,0.0,0.0,3.0,118.5,115.0,10.07,13.83,-13.75,-11.11
1,W,111,99,23,17,21,False,0.0,0.0,0.0,0.0,0.0,0.0,0.0,0.0,0.0,0.0,0.0,0.0,1.0,97.5,95.5,10.07,17.88,-14.89,-17.09
15,W,109,98,24,17,21,False,0.0,0.0,0.0,0.0,0.0,0.0,0.0,0.0,0.0,0.0,0.0,0.0,-2.0,96.0,101.0,11.59,0.21,-16.92,-6.74
28,L,98,117,25,19,21,False,0.0,0.0,0.0,0.0,0.0,0.0,0.0,0.0,0.0,0.0,0.0,0.0,1.0,117.0,96.0,11.59,10.65,-16.92,-8.74
12,L,101,102,26,20,21,False,0.0,0.0,0.0,0.0,0.0,0.0,0.0,0.0,0.0,0.0,0.0,0.0,0.0,0.0,0.0,5.44,-1.75,-13.05,-8.02
25,W,115,109,26,19,21,False,0.0,0.0,0.0,0.0,0.0,0.0,0.0,0.0,0.0,0.0,0.0,0.0,6.0,119.0,100.0,5.57,9.9,-17.06,-12.14
13,W,105,87,28,19,21,False,0.0,0.0,0.0,0.0,0.0,0.0,0.0,0.0,0.0,0.0,0.0,0.0,0.0,0.0,0.0,7.86,6.58,-14.55,-4.26
24,W,103,101,29,19,21,False,0.0,0.0,0.0,0.0,0.0,0.0,0.0,0.0,0.0,0.0,0.0,0.0,1.0,102.0,94.0,10.07,6.03,-12.82,-11.58
14,W,122,119,30,19,21,False,0.0,0.0,0.0,0.0,0.0,0.0,0.0,0.0,0.0,0.0,0.0,0.0,-1.0,91.0,126.0,4.56,9.56,-16.42,-11.02
28,L,103,106,31,21,21,False,0.0,0.0,0.0,0.0,0.0,0.0,0.0,0.0,0.0,0.0,0.0,0.0,-1.0,107.5,106.5,7.07,3.94,-12.41,-7.5
6,L,98,107,31,22,21,False,0.0,0.0,0.0,0.0,0.0,0.0,0.0,0.0,0.0,0.0,0.0,0.0,0.0,0.0,0.0,10.07,1.92,-14.55,-14.32
3,W,119,108,31,21,21,False,0.0,0.0,0.0,0.0,0.0,0.0,0.0,0.0,0.0,0.0,0.0,0.0,6.0,108.5,101.5,10.8,-0.0,-13.28,-15.47
22,L,109,114,32,23,21,False,0.0,0.0,0.0,0.0,0.0,0.0,0.0,0.0,0.0,0.0,0.0,0.0,0.0,0.0,0.0,10.07,9.92,-12.82,-13.68
5,W,103,93,33,22,21,False,0.0,0.0,0.0,0.0,0.0,0.0,0.0,0.0,0.0,0.0,0.0,0.0,0.0,0.0,0.0,7.07,1.62,-12.78,-10.4
1,L,87,135,34,24,21,False,0.0,0.0,0.0,0.0,0.0,0.0,0.0,0.0,0.0,0.0,0.0,0.0,1.0,102.0,96.7,7.07,14.77,-13.08,-14.55
16,W,123,120,34,23,21,False,0.0,0.0,0.0,0.0,0.0,0.0,0.0,0.0,0.0,0.0,0.0,0.0,-2.0,109.0,118.0,7.15,9.83,-13.14,-16.48
17,W,133,102,35,23,21,False,0.0,0.0,0.0,0.0,0.0,0.0,0.0,0.0,0.0,0.0,0.0,0.0,-2.0,120.0,121.0,10.76,9.8,-10.37,-14.19
5,W,125,119,38,23,21,False,0.0,0.0,0.0,0.0,0.0,0.0,0.0,0.0,0.0,0.0,0.0,0.0,2.0,103.0,93.0,10.76,6.8,-11.19,-12.78
15,L,82,99,39,25,21,False,0.0,0.0,0.0,0.0,0.0,0.0,0.0,0.0,0.0,0.0,0.0,0.0,2.0,102.5,99.5,7.86,6.1,-12.62,-10.2
3,W,121,106,39,24,21,False,0.0,0.0,0.0,0.0,0.0,0.0,0.0,0.0,0.0,0.0,0.0,0.0,1.0,112.0,103.7,10.76,1.39,-8.92,-14.35
2,L,100,129,40,26,21,False,0.0,0.0,0.0,0.0,0.0,0.0,0.0,0.0,0.0,0.0,0.0,0.0,3.0,108.0,110.0,10.76,10.43,-10.44,-9.42
7,L,110,114,41,27,21,False,0.0,0.0,0.0,0.0,0.0,0.0,0.0,0.0,0.0,0.0,0.0,0.0,1.0,103.0,89.0,10.76,8.53,-10.83,-15.14
5,W,118,114,41,26,21,False,0.0,0.0,0.0,0.0,0.0,0.0,0.0,0.0,0.0,0.0,0.0,0.0,5.0,114.0,106.0,10.76,1.12,-10.83,-10.22
6,W,111,101,42,26,21,False,0.0,0.0,0.0,0.0,0.0,0.0,0.0,0.0,0.0,0.0,0.0,0.0,-2.0,98.0,107.0,10.76,6.82,-10.83,-13.2
26,L,88,93,43,28,21,False,0.0,0.0,0.0,0.0,0.0,0.0,0.0,0.0,0.0,0.0,0.0,0.0,2.0,111.5,112.0,10.76,7.0,-12.14,-12.64
15,W,113,106,43,27,21,False,0.0,0.0,0.0,0.0,0.0,0.0,0.0,0.0,0.0,0.0,0.0,0.0,-1.0,95.7,99.3,0.23,11.39,-12.75,-10.55
13,W,126,121,44,27,21,False,0.0,0.0,0.0,0.0,0.0,0.0,0.0,0.0,0.0,0.0,0.0,0.0,3.0,105.0,87.0,10.76,-5.17,-10.83,-3.79
12,W,122,97,45,27,21,False,0.0,0.0,0.0,0.0,0.0,0.0,0.0,0.0,0.0,0.0,0.0,0.0,-1.0,101.0,102.0,10.76,-1.75,-10.83,-4.97
22,L,104,114,46,29,21,False,0.0,0.0,0.0,0.0,0.0,0.0,0.0,0.0,0.0,0.0,0.0,0.0,-1.0,109.0,114.0,10.76,9.92,-10.83,-11.32
16,L,116,118,46,30,21,False,0.0,0.0,0.0,0.0,0.0,0.0,0.0,0.0,0.0,0.0,0.0,0.0,1.0,116.0,119.0,10.76,6.55,-10.83,-4.15
8,L,94,102,46,31,21,False,0.0,0.0,0.0,0.0,0.0,0.0,0.0,0.0,0.0,0.0,0.0,0.0,5.0,109.5,100.0,10.76,-0.48,-10.83,-12.66
4,W,144,114,46,30,21,False,0.0,0.0,0.0,0.0,0.0,0.0,0.0,0.0,0.0,0.0,0.0,0.0,-1.0,111.7,113.0,10.76,10.21,-9.71,1.54
5,W,112,108,47,30,21,False,0.0,0.0,0.0,0.0,0.0,0.0,0.0,0.0,0.0,0.0,0.0,0.0,1.0,115.3,108.7,10.76,0.1,-9.71,-12.44
11,W,131,122,48,30,21,False,0.0,0.0,0.0,0.0,0.0,0.0,0.0,0.0,0.0,0.0,0.0,0.0,-4.0,113.0,118.0,10.76,-6.57,-10.83,-11.78
26,L,114,119,49,32,21,False,0.0,0.0,0.0,0.0,0.0,0.0,0.0,0.0,0.0,0.0,0.0,0.0,-1.0,103.7,105.7,11.5,7.0,-11.6,-13.88
11,W,133,120,49,31,21,False,0.0,0.0,0.0,0.0,0.0,0.0,0.0,0.0,0.0,0.0,0.0,0.0,3.0,122.0,120.0,11.5,-4.15,-11.71,-11.19
8,W,118,106,50,31,21,False,0.0,0.0,0.0,0.0,0.0,0.0,0.0,0.0,0.0,0.0,0.0,0.0,-3.0,104.3,100.7,0.76,-4.91,-7.68,-14.24
26,W,131,111,0,0,21,True,0.0,0.0,0.0,0.0,0.0,0.0,0.0,0.0,0.0,0.0,0.0,0.0,-1.0,106.2,109.0,11.5,14.8,-13.25,-12.51
26,W,112,97,1,0,21,True,0.0,0.0,0.0,0.0,0.0,0.0,0.0,0.0,0.0,0.0,0.0,0.0,1.0,111.2,109.4,11.5,12.67,-11.81,-14.42
26,W,104,101,2,0,21,True,0.0,0.0,0.0,0.0,0.0,0.0,0.0,0.0,0.0,0.0,0.0,0.0,2.0,111.8,105.8,11.5,10.42,-12.24,-13.17
26,L,102,110,3,2,21,True,0.0,0.0,0.0,0.0,0.0,0.0,0.0,0.0,0.0,0.0,0.0,0.0,3.0,109.8,104.2,11.5,10.42,-12.24,-10.32
26,L,88,103,3,3,21,True,0.0,0.0,0.0,0.0,0.0,0.0,0.0,0.0,0.0,0.0,0.0,0.0,-1.0,112.6,107.6,11.5,9.7,-11.81,-13.17
26,W,132,97,3,2,21,True,0.0,0.0,0.0,0.0,0.0,0.0,0.0,0.0,0.0,0.0,0.0,0.0,-2.0,107.4,104.4,11.5,9.7,-12.24,-13.17
15,L,92,106,4,4,21,True,0.0,0.0,0.0,0.0,0.0,0.0,0.0,0.0,0.0,0.0,0.0,0.0,1.0,100.0,101.0,5.19,3.47,-13.01,-8.53
15,L,103,119,4,5,21,True,0.0,0.0,0.0,0.0,0.0,0.0,0.0,0.0,0.0,0.0,0.0,0.0,-1.0,98.4,102.0,5.19,3.47,-13.01,-8.53
15,W,99,79,4,4,21,True,0.0,0.0,0.0,0.0,0.0,0.0,0.0,0.0,0.0,0.0,0.0,0.0,-2.0,99.8,105.6,11.5,8.77,-12.99,-9.63
15,W,116,108,5,4,21,True,0.0,0.0,0.0,0.0,0.0,0.0,0.0,0.0,0.0,0.0,0.0,0.0,1.0,97.8,101.8,11.5,8.77,-12.16,-9.76
15,L,85,120,6,6,21,True,0.0,0.0,0.0,0.0,0.0,0.0,0.0,0.0,0.0,0.0,0.0,0.0,2.0,104.6,103.6,11.5,3.47,-12.99,-8.53
15,L,90,99,6,7,21,True,0.0,0.0,0.0,0.0,0.0,0.0,0.0,0.0,0.0,0.0,0.0,0.0,-1.0,99.0,106.4,11.5,3.47,-12.99,-8.53
7,L,98,110,0,2,22,False,0.0,0.0,0.0,0.0,0.0,0.0,0.0,0.0,0.0,0.0,0.0,0.0,0.0,0.0,0.0,0.0,0.0,0.0,0.0
13,W,115,105,0,1,22,False,0.0,0.0,0.0,0.0,0.0,0.0,0.0,0.0,0.0,0.0,0.0,0.0,0.0,0.0,0.0,30.74,38.94,20.95,16.81
23,L,105,134,1,3,22,False,0.0,0.0,0.0,0.0,0.0,0.0,0.0,0.0,0.0,0.0,0.0,0.0,0.0,0.0,0.0,10.06,44.39,-8.4,18.43
24,L,107,110,1,4,22,False,0.0,0.0,0.0,0.0,0.0,0.0,0.0,0.0,0.0,0.0,0.0,0.0,0.0,0.0,0.0,6.05,10.76,1.47,1.45
5,W,101,92,1,3,22,False,0.0,0.0,0.0,0.0,0.0,0.0,0.0,0.0,0.0,0.0,0.0,0.0,0.0,0.0,0.0,8.39,10.7,-2.7,-15.27
10,W,123,111,3,3,22,False,0.0,0.0,0.0,0.0,0.0,0.0,0.0,0.0,0.0,0.0,0.0,0.0,0.0,0.0,0.0,9.92,4.22,-9.96,-13.92
0,W,121,117,4,3,22,False,0.0,0.0,0.0,0.0,0.0,0.0,0.0,0.0,0.0,0.0,0.0,0.0,0.0,0.0,0.0,6.1,8.96,-6.74,-10.23
24,W,109,104,5,3,22,False,0.0,0.0,0.0,0.0,0.0,0.0,0.0,0.0,0.0,0.0,0.0,0.0,-2.0,107.0,110.0,6.1,11.63,-6.68,-3.0
23,W,119,109,6,3,22,False,0.0,0.0,0.0,0.0,0.0,0.0,0.0,0.0,0.0,0.0,0.0,0.0,-1.0,105.0,134.0,6.1,10.44,-6.03,-12.42
14,W,119,94,7,3,22,False,0.0,0.0,0.0,0.0,0.0,0.0,0.0,0.0,0.0,0.0,0.0,0.0,0.0,0.0,0.0,6.1,13.68,-6.04,-13.28
10,W,115,89,8,3,22,False,0.0,0.0,0.0,0.0,0.0,0.0,0.0,0.0,0.0,0.0,0.0,0.0,3.0,123.0,111.0,6.1,4.13,-6.35,-12.85
17,W,99,96,9,3,22,False,0.0,0.0,0.0,0.0,0.0,0.0,0.0,0.0,0.0,0.0,0.0,0.0,0.0,0.0,0.0,9.92,9.8,-8.48,-14.75
6,W,105,98,10,3,22,False,0.0,0.0,0.0,0.0,0.0,0.0,0.0,0.0,0.0,0.0,0.0,0.0,0.0,0.0,0.0,9.92,1.82,-11.44,-16.77
6,W,112,104,11,3,22,False,0.0,0.0,0.0,0.0,0.0,0.0,0.0,0.0,0.0,0.0,0.0,0.0,10.0,105.0,98.0,9.92,1.82,-9.17,-16.5
7,W,126,97,12,3,22,False,0.0,0.0,0.0,0.0,0.0,0.0,0.0,0.0,0.0,0.0,0.0,0.0,-1.0,98.0,110.0,9.92,0.28,-11.7,-11.51
25,W,115,111,13,3,22,False,0.0,0.0,0.0,0.0,0.0,0.0,0.0,0.0,0.0,0.0,0.0,0.0,0.0,0.0,0.0,9.92,7.89,-14.38,-9.22
5,W,120,115,14,3,22,False,0.0,0.0,0.0,0.0,0.0,0.0,0.0,0.0,0.0,0.0,0.0,0.0,1.0,101.0,92.0,9.92,0.57,-14.38,-15.01
2,W,113,107,16,3,22,False,0.0,0.0,0.0,0.0,0.0,0.0,0.0,0.0,0.0,0.0,0.0,0.0,0.0,0.0,0.0,9.92,6.4,-14.44,-16.14
9,W,104,96,17,3,22,False,0.0,0.0,0.0,0.0,0.0,0.0,0.0,0.0,0.0,0.0,0.0,0.0,0.0,0.0,0.0,9.92,9.78,-14.44,-16.68
8,W,114,103,18,3,22,False,0.0,0.0,0.0,0.0,0.0,0.0,0.0,0.0,0.0,0.0,0.0,0.0,0.0,0.0,0.0,3.65,3.84,-10.96,-12.46
9,L,96,118,19,5,22,False,0.0,0.0,0.0,0.0,0.0,0.0,0.0,0.0,0.0,0.0,0.0,0.0,17.0,104.0,96.0,3.65,9.78,-9.26,-8.22
25,W,108,104,19,4,22,False,0.0,0.0,0.0,0.0,0.0,0.0,0.0,0.0,0.0,0.0,0.0,0.0,13.0,115.0,111.0,3.65,9.9,-9.2,-15.37
1,W,111,90,20,4,22,False,0.0,0.0,0.0,0.0,0.0,0.0,0.0,0.0,0.0,0.0,0.0,0.0,0.0,0.0,0.0,-0.17,13.62,-7.46,-15.89
12,L,95,111,21,6,22,False,0.0,0.0,0.0,0.0,0.0,0.0,0.0,0.0,0.0,0.0,0.0,0.0,0.0,0.0,0.0,-0.17,3.2,-5.75,-13.47
23,W,111,107,21,5,22,False,0.0,0.0,0.0,0.0,0.0,0.0,0.0,0.0,0.0,0.0,0.0,0.0,6.0,112.0,121.5,3.65,4.61,-5.79,-15.14
28,W,118,98,22,5,22,False,0.0,0.0,0.0,0.0,0.0,0.0,0.0,0.0,0.0,0.0,0.0,0.0,0.0,0.0,0.0,3.65,6.05,-7.83,-6.83
4,W,137,106,23,5,22,False,0.0,0.0,0.0,0.0,0.0,0.0,0.0,0.0,0.0,0.0,0.0,0.0,0.0,0.0,0.0,9.92,13.83,-12.3,-8.09
13,W,108,90,24,5,22,False,0.0,0.0,0.0,0.0,0.0,0.0,0.0,0.0,0.0,0.0,0.0,0.0,1.0,115.0,105.0,9.92,7.34,-12.3,-3.28
9,L,107,116,26,7,22,False,0.0,0.0,0.0,0.0,0.0,0.0,0.0,0.0,0.0,0.0,0.0,0.0,-1.0,100.0,107.0,9.92,0.74,-13.8,-17.67
14,L,113,114,26,8,22,False,0.0,0.0,0.0,0.0,0.0,0.0,0.0,0.0,0.0,0.0,0.0,0.0,7.0,119.0,94.0,4.6,8.94,-15.81,-8.54
1,L,108,123,27,9,22,False,0.0,0.0,0.0,0.0,0.0,0.0,0.0,0.0,0.0,0.0,0.0,0.0,2.0,111.0,90.0,2.38,10.85,-12.06,-14.76
4,W,133,99,27,8,22,False,0.0,0.0,0.0,0.0,0.0,0.0,0.0,0.0,0.0,0.0,0.0,0.0,3.0,137.0,106.0,2.38,13.83,-14.04,-10.14
12,W,106,89,29,8,22,False,0.0,0.0,0.0,0.0,0.0,0.0,0.0,0.0,0.0,0.0,0.0,0.0,-1.0,95.0,111.0,2.38,-0.33,-7.94,-15.19
15,L,100,123,30,10,22,False,0.0,0.0,0.0,0.0,0.0,0.0,0.0,0.0,0.0,0.0,0.0,0.0,0.0,0.0,0.0,9.92,-8.09,-11.77,-5.32
26,W,99,95,30,9,22,False,0.0,0.0,0.0,0.0,0.0,0.0,0.0,0.0,0.0,0.0,0.0,0.0,0.0,0.0,0.0,9.92,6.46,-8.95,-16.33
11,W,112,94,31,9,22,False,0.0,0.0,0.0,0.0,0.0,0.0,0.0,0.0,0.0,0.0,0.0,0.0,0.0,0.0,0.0,9.92,8.17,-11.48,-11.99
8,W,135,108,32,9,22,False,0.0,0.0,0.0,0.0,0.0,0.0,0.0,0.0,0.0,0.0,0.0,0.0,18.0,114.0,103.0,9.92,-1.1,-11.48,-7.39
25,W,121,107,33,9,22,False,0.0,0.0,0.0,0.0,0.0,0.0,0.0,0.0,0.0,0.0,0.0,0.0,1.0,111.5,107.5,6.1,9.9,-9.16,-11.29
6,W,109,101,34,9,22,False,0.0,0.0,0.0,0.0,0.0,0.0,0.0,0.0,0.0,0.0,0.0,0.0,11.0,108.5,101.0,6.1,5.1,-12.23,-12.0
11,W,113,103,35,9,22,False,0.0,0.0,0.0,0.0,0.0,0.0,0.0,0.0,0.0,0.0,0.0,0.0,2.0,112.0,94.0,6.1,-3.17,-9.16,-15.97
27,W,115,109,36,9,22,False,0.0,0.0,0.0,0.0,0.0,0.0,0.0,0.0,0.0,0.0,0.0,0.0,0.0,0.0,0.0,4.6,-6.4,-8.68,-13.51
27,W,105,97,37,9,22,False,0.0,0.0,0.0,0.0,0.0,0.0,0.0,0.0,0.0,0.0,0.0,0.0,7.0,115.0,109.0,5.13,3.37,-11.61,-13.68
17,W,134,124,38,9,22,False,0.0,0.0,0.0,0.0,0.0,0.0,0.0,0.0,0.0,0.0,0.0,0.0,9.0,99.0,96.0,5.13,2.58,-11.61,-14.8
25,W,115,110,39,9,22,False,0.0,0.0,0.0,0.0,0.0,0.0,0.0,0.0,0.0,0.0,0.0,0.0,4.0,114.7,107.3,5.13,-5.06,-9.06,-16.19
2,W,121,111,40,9,22,False,0.0,0.0,0.0,0.0,0.0,0.0,0.0,0.0,0.0,0.0,0.0,0.0,16.0,113.0,107.0,9.92,6.04,-13.44,-16.36
0,L,115,124,41,11,22,False,0.0,0.0,0.0,0.0,0.0,0.0,0.0,0.0,0.0,0.0,0.0,0.0,4.0,121.0,117.0,9.92,7.2,-13.68,-12.61
28,W,95,80,41,10,22,False,0.0,0.0,0.0,0.0,0.0,0.0,0.0,0.0,0.0,0.0,0.0,0.0,2.0,118.0,98.0,9.92,3.07,-13.68,-7.51
3,W,127,124,42,10,22,False,0.0,0.0,0.0,0.0,0.0,0.0,0.0,0.0,0.0,0.0,0.0,0.0,0.0,0.0,0.0,9.92,7.69,-13.68,-15.22
16,W,131,107,44,10,22,False,0.0,0.0,0.0,0.0,0.0,0.0,0.0,0.0,0.0,0.0,0.0,0.0,0.0,0.0,0.0,9.92,11.32,-10.1,-9.34
12,W,103,96,46,10,22,False,0.0,0.0,0.0,0.0,0.0,0.0,0.0,0.0,0.0,0.0,0.0,0.0,3.0,100.5,100.0,9.92,2.55,-11.12,-10.09
10,W,124,121,47,10,22,False,0.0,0.0,0.0,0.0,0.0,0.0,0.0,0.0,0.0,0.0,0.0,0.0,8.0,119.0,100.0,9.92,3.24,-11.12,-16.6
27,L,114,118,49,13,22,False,0.0,0.0,0.0,0.0,0.0,0.0,0.0,0.0,0.0,0.0,0.0,0.0,8.0,110.0,103.0,6.87,12.0,-11.88,-8.97
23,W,120,90,49,12,22,False,0.0,0.0,0.0,0.0,0.0,0.0,0.0,0.0,0.0,0.0,0.0,0.0,1.0,111.7,116.7,0.91,-11.77,-11.12,-19.66
16,L,122,132,51,14,22,False,0.0,0.0,0.0,0.0,0.0,0.0,0.0,0.0,0.0,0.0,0.0,0.0,4.0,131.0,107.0,0.91,11.32,-11.88,-14.31
15,W,111,90,52,13,22,False,0.0,0.0,0.0,0.0,0.0,0.0,0.0,0.0,0.0,0.0,0.0,0.0,-1.0,100.0,123.0,7.18,2.05,-11.88,-6.3
26,L,112,117,53,15,22,False,0.0,0.0,0.0,0.0,0.0,0.0,0.0,0.0,0.0,0.0,0.0,0.0,1.0,99.0,95.0,7.18,9.84,-11.88,-10.17
13,W,140,111,53,14,22,False,0.0,0.0,0.0,0.0,0.0,0.0,0.0,0.0,0.0,0.0,0.0,0.0,4.0,111.5,97.5,7.18,6.62,-11.88,-7.09
10,W,129,112,55,14,22,False,0.0,0.0,0.0,0.0,0.0,0.0,0.0,0.0,0.0,0.0,0.0,0.0,7.0,120.7,107.0,3.94,4.01,-9.56,-12.95
3,W,129,102,56,14,22,False,0.0,0.0,0.0,0.0,0.0,0.0,0.0,0.0,0.0,0.0,0.0,0.0,2.0,127.0,124.0,3.94,7.69,-9.56,-12.86
24,W,127,124,57,14,22,False,0.0,0.0,0.0,0.0,0.0,0.0,0.0,0.0,0.0,0.0,0.0,0.0,5.0,108.0,107.0,6.17,8.72,-11.16,-6.73
17,W,125,116,58,14,22,False,0.0,0.0,0.0,0.0,0.0,0.0,0.0,0.0,0.0,0.0,0.0,0.0,9.0,116.5,110.0,7.18,9.8,-11.88,-16.55
7,W,140,130,59,14,22,False,0.0,0.0,0.0,0.0,0.0,0.0,0.0,0.0,0.0,0.0,0.0,0.0,12.0,112.0,103.5,9.92,8.53,-11.02,-15.14
9,W,107,103,61,14,22,False,0.0,0.0,0.0,0.0,0.0,0.0,0.0,0.0,0.0,0.0,0.0,0.0,-1.0,102.3,110.0,9.92,3.85,-11.32,-13.58
14,L,114,122,62,16,22,False,0.0,0.0,0.0,0.0,0.0,0.0,0.0,0.0,0.0,0.0,0.0,0.0,-2.0,116.0,104.0,9.92,-1.74,-10.53,-12.3
13,W,121,110,62,16,22,False,0.0,0.0,0.0,0.0,0.0,0.0,0.0,0.0,0.0,0.0,0.0,0.0,1.0,121.0,102.0,9.92,4.6,-9.24,-5.34
12,L,109,113,63,18,22,False,0.0,0.0,0.0,0.0,0.0,0.0,0.0,0.0,0.0,0.0,0.0,0.0,6.0,101.3,98.7,-4.42,7.25,-4.95,-7.82
27,W,111,105,63,17,22,False,0.0,0.0,0.0,0.0,0.0,0.0,0.0,0.0,0.0,0.0,0.0,0.0,-2.0,111.3,108.0,9.92,12.0,-11.57,-9.36
24,L,109,116,64,19,22,False,0.0,0.0,0.0,0.0,0.0,0.0,0.0,0.0,0.0,0.0,0.0,0.0,5.0,114.3,112.7,-4.82,0.55,-4.2,-7.32
6,W,121,114,4,2,22,True,0.0,0.0,0.0,0.0,0.0,0.0,0.0,0.0,0.0,0.0,0.0,0.0,5.0,108.7,101.0,9.92,1.92,-10.53,-9.97
6,W,129,109,5,2,22,True,0.0,0.0,0.0,0.0,0.0,0.0,0.0,0.0,0.0,0.0,0.0,0.0,3.0,111.8,104.2,9.92,1.92,-11.08,-9.36
6,L,94,103,6,4,22,True,0.0,0.0,0.0,0.0,0.0,0.0,0.0,0.0,0.0,0.0,0.0,0.0,4.0,115.2,105.2,9.92,1.92,-10.53,-9.97
6,L,101,111,6,5,22,True,0.0,0.0,0.0,0.0,0.0,0.0,0.0,0.0,0.0,0.0,0.0,0.0,-1.0,113.0,106.2,9.92,1.92,-10.53,-9.97
6,W,110,80,6,4,22,True,0.0,0.0,0.0,0.0,0.0,0.0,0.0,0.0,0.0,0.0,0.0,0.0,-2.0,110.8,107.6,9.92,1.92,-10.53,-9.97
6,L,86,113,7,6,22,True,0.0,0.0,0.0,0.0,0.0,0.0,0.0,0.0,0.0,0.0,0.0,0.0,1.0,111.0,103.4,9.92,1.92,-10.53,-9.97
6,L,90,123,7,7,22,True,0.0,0.0,0.0,0.0,0.0,0.0,0.0,0.0,0.0,0.0,0.0,0.0,-1.0,104.0,103.2,9.92,1.92,-10.53,-9.97
24,L,121,124,0,2,23,False,0.0,0.0,0.0,0.0,0.0,0.0,0.0,0.0,0.0,0.0,0.0,0.0,0.0,0.0,0.0,0.0,0.0,0.0,0.0
12,L,86,116,1,3,23,False,0.0,0.0,0.0,0.0,0.0,0.0,0.0,0.0,0.0,0.0,0.0,0.0,0.0,0.0,0.0,12.48,15.32,3.87,12.34
14,W,116,96,1,2,23,False,0.0,0.0,0.0,0.0,0.0,0.0,0.0,0.0,0.0,0.0,0.0,0.0,0.0,0.0,0.0,7.4,18.95,-12.08,-6.77
12,W,111,92,2,2,23,False,0.0,0.0,0.0,0.0,0.0,0.0,0.0,0.0,0.0,0.0,0.0,0.0,-1.0,86.0,116.0,9.71,8.01,-9.9,-2.56
4,L,113,125,3,4,23,False,0.0,0.0,0.0,0.0,0.0,0.0,0.0,0.0,0.0,0.0,0.0,0.0,0.0,0.0,0.0,10.22,16.89,-10.3,-10.27
5,L,104,107,3,6,23,False,0.0,0.0,0.0,0.0,0.0,0.0,0.0,0.0,0.0,0.0,0.0,0.0,0.0,0.0,0.0,10.44,5.26,-8.42,-14.87
11,W,110,106,3,5,23,False,0.0,0.0,0.0,0.0,0.0,0.0,0.0,0.0,0.0,0.0,0.0,0.0,0.0,0.0,0.0,10.44,9.79,-12.01,-11.92
13,W,105,90,4,5,23,False,0.0,0.0,0.0,0.0,0.0,0.0,0.0,0.0,0.0,0.0,0.0,0.0,0.0,0.0,0.0,10.44,4.23,-12.05,-2.48
12,L,109,117,5,7,23,False,0.0,0.0,0.0,0.0,0.0,0.0,0.0,0.0,0.0,0.0,0.0,0.0,2.0,98.5,104.0,10.44,7.38,-12.46,-7.44
10,W,104,92,5,7,23,False,0.0,0.0,0.0,0.0,0.0,0.0,0.0,0.0,0.0,0.0,0.0,0.0,0.0,0.0,0.0,10.44,4.13,-12.42,-12.87
7,L,95,124,6,9,23,False,0.0,0.0,0.0,0.0,0.0,0.0,0.0,0.0,0.0,0.0,0.0,0.0,0.0,0.0,0.0,7.58,1.91,-13.37,-15.28
26,W,118,113,6,8,23,False,0.0,0.0,0.0,0.0,0.0,0.0,0.0,0.0,0.0,0.0,0.0,0.0,0.0,0.0,0.0,10.44,14.9,-11.32,-14.37
3,W,112,107,7,8,23,False,0.0,0.0,0.0,0.0,0.0,0.0,0.0,0.0,0.0,0.0,0.0,0.0,0.0,0.0,0.0,10.44,9.22,-12.37,-9.34
7,W,119,100,9,8,23,False,0.0,0.0,0.0,0.0,0.0,0.0,0.0,0.0,0.0,0.0,0.0,0.0,-1.0,95.0,124.0,10.44,0.28,-12.37,-17.07
24,L,121,125,10,10,23,False,0.0,0.0,0.0,0.0,0.0,0.0,0.0,0.0,0.0,0.0,0.0,0.0,-1.0,121.0,124.0,10.44,7.11,-12.11,-7.16
9,L,103,118,10,11,23,False,0.0,0.0,0.0,0.0,0.0,0.0,0.0,0.0,0.0,0.0,0.0,0.0,0.0,0.0,0.0,10.44,9.78,-12.51,-13.03
27,L,107,129,10,12,23,False,0.0,0.0,0.0,0.0,0.0,0.0,0.0,0.0,0.0,0.0,0.0,0.0,0.0,0.0,0.0,4.65,11.97,-9.44,-13.09
8,W,110,92,10,11,23,False,0.0,0.0,0.0,0.0,0.0,0.0,0.0,0.0,0.0,0.0,0.0,0.0,0.0,0.0,0.0,1.79,3.84,-16.52,-12.46
25,L,83,114,11,13,23,False,0.0,0.0,0.0,0.0,0.0,0.0,0.0,0.0,0.0,0.0,0.0,0.0,0.0,0.0,0.0,7.58,9.9,-15.05,-11.16
1,L,117,145,11,14,23,False,0.0,0.0,0.0,0.0,0.0,0.0,0.0,0.0,0.0,0.0,0.0,0.0,0.0,0.0,0.0,4.11,10.79,-18.36,-18.54
12,L,90,102,11,15,23,False,0.0,0.0,0.0,0.0,0.0,0.0,0.0,0.0,0.0,0.0,0.0,0.0,-1.0,102.0,108.3,-4.64,7.9,-17.67,-10.57
9,L,94,104,11,16,23,False,0.0,0.0,0.0,0.0,0.0,0.0,0.0,0.0,0.0,0.0,0.0,0.0,-2.0,103.0,118.0,-0.51,9.78,-19.75,-10.94
17,L,111,116,11,17,23,False,0.0,0.0,0.0,0.0,0.0,0.0,0.0,0.0,0.0,0.0,0.0,0.0,0.0,0.0,0.0,4.61,9.8,-15.44,-15.23
14,L,103,113,11,19,23,False,0.0,0.0,0.0,0.0,0.0,0.0,0.0,0.0,0.0,0.0,0.0,0.0,1.0,116.0,96.0,4.61,6.1,-15.36,-13.27
4,W,125,116,11,18,23,False,0.0,0.0,0.0,0.0,0.0,0.0,0.0,0.0,0.0,0.0,0.0,0.0,-1.0,113.0,125.0,4.61,13.83,-15.46,-11.38
14,W,105,100,12,18,23,False,0.0,0.0,0.0,0.0,0.0,0.0,0.0,0.0,0.0,0.0,0.0,0.0,-7.0,109.5,104.5,4.61,6.1,-15.14,-12.58
6,L,117,132,13,21,23,False,0.0,0.0,0.0,0.0,0.0,0.0,0.0,0.0,0.0,0.0,0.0,0.0,0.0,0.0,0.0,-1.18,-1.51,-8.29,-11.39
27,L,105,120,13,22,23,False,0.0,0.0,0.0,0.0,0.0,0.0,0.0,0.0,0.0,0.0,0.0,0.0,-3.0,107.0,129.0,-1.18,7.85,-0.23,-14.81
13,L,106,139,13,23,23,False,0.0,0.0,0.0,0.0,0.0,0.0,0.0,0.0,0.0,0.0,0.0,0.0,2.0,105.0,90.0,-1.18,5.59,-13.93,-3.8
0,W,136,131,13,22,23,False,0.0,0.0,0.0,0.0,0.0,0.0,0.0,0.0,0.0,0.0,0.0,0.0,0.0,0.0,0.0,1.75,-5.03,-16.65,-9.78
15,L,109,115,14,24,23,False,0.0,0.0,0.0,0.0,0.0,0.0,0.0,0.0,0.0,0.0,0.0,0.0,0.0,0.0,0.0,1.75,-8.09,-16.65,-4.38
5,L,101,114,14,25,23,False,0.0,0.0,0.0,0.0,0.0,0.0,0.0,0.0,0.0,0.0,0.0,0.0,-3.0,104.0,107.0,2.95,3.84,-18.35,-14.97
24,W,103,88,14,24,23,False,0.0,0.0,0.0,0.0,0.0,0.0,0.0,0.0,0.0,0.0,0.0,0.0,-1.0,121.0,124.5,-2.54,6.33,-18.08,-9.52
2,W,114,108,15,24,23,False,0.0,0.0,0.0,0.0,0.0,0.0,0.0,0.0,0.0,0.0,0.0,0.0,0.0,0.0,0.0,-2.54,10.33,-18.08,-11.69
7,L,108,140,16,26,23,False,0.0,0.0,0.0,0.0,0.0,0.0,0.0,0.0,0.0,0.0,0.0,0.0,4.0,107.0,112.0,-6.01,8.53,-19.49,-14.42
28,W,115,110,16,25,23,False,0.0,0.0,0.0,0.0,0.0,0.0,0.0,0.0,0.0,0.0,0.0,0.0,0.0,0.0,0.0,-2.54,1.47,-20.51,-3.13
15,L,92,104,18,27,23,False,0.0,0.0,0.0,0.0,0.0,0.0,0.0,0.0,0.0,0.0,0.0,0.0,-1.0,109.0,115.0,5.92,6.1,-20.27,-13.83
1,W,109,105,18,26,23,False,0.0,0.0,0.0,0.0,0.0,0.0,0.0,0.0,0.0,0.0,0.0,0.0,-2.0,117.0,145.0,5.92,17.88,-20.27,-15.85
26,W,114,105,19,26,23,False,0.0,0.0,0.0,0.0,0.0,0.0,0.0,0.0,0.0,0.0,0.0,0.0,1.0,118.0,113.0,5.92,14.8,-20.27,-14.02
17,L,107,109,20,28,23,False,0.0,0.0,0.0,0.0,0.0,0.0,0.0,0.0,0.0,0.0,0.0,0.0,-5.0,111.0,116.0,5.92,9.29,-16.3,-16.54
6,L,112,132,20,29,23,False,0.0,0.0,0.0,0.0,0.0,0.0,0.0,0.0,0.0,0.0,0.0,0.0,-2.0,117.0,132.0,3.73,5.1,-20.41,-13.84
10,W,125,110,20,28,23,False,0.0,0.0,0.0,0.0,0.0,0.0,0.0,0.0,0.0,0.0,0.0,0.0,1.0,104.0,92.0,7.58,4.15,-20.21,-13.04
3,L,116,130,21,30,23,False,0.0,0.0,0.0,0.0,0.0,0.0,0.0,0.0,0.0,0.0,0.0,0.0,2.0,112.0,107.0,7.58,7.69,-20.21,-15.22
13,L,94,99,21,32,23,False,0.0,0.0,0.0,0.0,0.0,0.0,0.0,0.0,0.0,0.0,0.0,0.0,-4.0,105.5,114.5,7.58,6.58,-20.55,-4.26
16,L,108,137,21,34,23,False,0.0,0.0,0.0,0.0,0.0,0.0,0.0,0.0,0.0,0.0,0.0,0.0,0.0,0.0,0.0,-2.29,11.32,-19.33,-10.34
13,W,107,105,21,34,23,False,0.0,0.0,0.0,0.0,0.0,0.0,0.0,0.0,0.0,0.0,0.0,0.0,-3.0,101.7,109.3,-9.71,6.56,-13.16,-1.86
16,W,122,107,23,34,23,False,0.0,0.0,0.0,0.0,0.0,0.0,0.0,0.0,0.0,0.0,0.0,0.0,-5.0,108.0,137.0,-5.67,2.04,-18.41,-11.9
14,W,123,119,24,34,23,False,0.0,0.0,0.0,0.0,0.0,0.0,0.0,0.0,0.0,0.0,0.0,0.0,2.0,108.0,103.0,-5.67,9.56,-22.21,-12.04
9,L,95,132,25,36,23,False,0.0,0.0,0.0,0.0,0.0,0.0,0.0,0.0,0.0,0.0,0.0,0.0,-4.0,98.5,111.0,-9.8,4.3,-21.44,-8.89
7,L,92,124,25,37,23,False,0.0,0.0,0.0,0.0,0.0,0.0,0.0,0.0,0.0,0.0,0.0,0.0,-1.0,107.3,121.3,-11.0,8.53,-20.84,-15.14
17,L,121,135,25,39,23,False,0.0,0.0,0.0,0.0,0.0,0.0,0.0,0.0,0.0,0.0,0.0,0.0,-1.0,109.0,112.5,-15.49,4.21,-14.57,-18.41
17,L,81,124,25,40,23,False,0.0,0.0,0.0,0.0,0.0,0.0,0.0,0.0,0.0,0.0,0.0,0.0,-4.0,113.0,120.0,-13.34,1.5,-18.08,-18.41
27,L,85,123,25,41,23,False,0.0,0.0,0.0,0.0,0.0,0.0,0.0,0.0,0.0,0.0,0.0,0.0,-3.0,106.0,124.5,-14.11,12.0,-20.57,-10.23
28,W,127,118,25,40,23,False,0.0,0.0,0.0,0.0,0.0,0.0,0.0,0.0,0.0,0.0,0.0,0.0,1.0,115.0,110.0,-13.34,-2.33,-21.22,-11.4
0,L,113,122,26,42,23,False,0.0,0.0,0.0,0.0,0.0,0.0,0.0,0.0,0.0,0.0,0.0,0.0,1.0,136.0,131.0,-13.34,1.5,-21.22,-13.14
2,L,123,128,26,44,23,False,0.0,0.0,0.0,0.0,0.0,0.0,0.0,0.0,0.0,0.0,0.0,0.0,2.0,114.0,108.0,-12.05,4.5,-19.91,-11.81
11,L,98,129,26,45,23,False,0.0,0.0,0.0,0.0,0.0,0.0,0.0,0.0,0.0,0.0,0.0,0.0,1.0,110.0,106.0,-13.34,-4.75,-18.93,-8.9
8,W,119,115,26,44,23,False,0.0,0.0,0.0,0.0,0.0,0.0,0.0,0.0,0.0,0.0,0.0,0.0,1.0,110.0,92.0,-16.62,-0.77,-19.86,-16.21
25,L,96,133,27,46,23,False,0.0,0.0,0.0,0.0,0.0,0.0,0.0,0.0,0.0,0.0,0.0,0.0,-1.0,83.0,114.0,-15.45,4.91,-20.72,-15.82
10,L,106,125,27,47,23,False,0.0,0.0,0.0,0.0,0.0,0.0,0.0,0.0,0.0,0.0,0.0,0.0,1.0,114.5,101.0,-17.81,5.98,-19.03,-12.17
10,L,98,115,27,48,23,False,0.0,0.0,0.0,0.0,0.0,0.0,0.0,0.0,0.0,0.0,0.0,0.0,-2.0,111.7,109.0,-17.81,4.01,-19.03,-12.95
25,L,111,130,27,51,23,False,0.0,0.0,0.0,0.0,0.0,0.0,0.0,0.0,0.0,0.0,0.0,0.0,-1.0,89.5,123.5,-17.53,-3.44,-16.94,-3.86
25,L,92,113,27,52,23,False,0.0,0.0,0.0,0.0,0.0,0.0,0.0,0.0,0.0,0.0,0.0,0.0,-6.0,96.7,125.7,-17.53,-8.12,-16.33,-12.55
6,L,78,128,27,55,23,False,0.0,0.0,0.0,0.0,0.0,0.0,0.0,0.0,0.0,0.0,0.0,0.0,-2.0,114.5,132.0,-17.53,1.92,-15.73,-10.77
27,L,80,111,27,56,23,False,0.0,0.0,0.0,0.0,0.0,0.0,0.0,0.0,0.0,0.0,0.0,0.0,-6.0,99.0,124.0,-16.04,-2.66,-16.86,-6.52
27,L,101,110,1,2,24,False,0.0,0.0,0.0,0.0,0.0,0.0,0.0,0.0,0.0,0.0,0.0,0.0,0.0,0.0,0.0,41.79,37.81,23.6,16.65
9,L,107,119,1,3,24,False,0.0,0.0,0.0,0.0,0.0,0.0,0.0,0.0,0.0,0.0,0.0,0.0,0.0,0.0,0.0,17.36,8.54,1.39,-11.74
6,L,99,105,3,4,24,False,0.0,0.0,0.0,0.0,0.0,0.0,0.0,0.0,0.0,0.0,0.0,0.0,0.0,0.0,0.0,11.06,2.88,-3.43,-11.76
27,L,113,119,3,5,24,False,0.0,0.0,0.0,0.0,0.0,0.0,0.0,0.0,0.0,0.0,0.0,0.0,-1.0,101.0,110.0,10.72,12.0,-2.74,-12.75
4,W,140,110,4,4,24,False,0.0,0.0,0.0,0.0,0.0,0.0,0.0,0.0,0.0,0.0,0.0,0.0,0.0,0.0,0.0,10.72,14.09,-2.79,-10.55
11,L,91,94,5,6,24,False,0.0,0.0,0.0,0.0,0.0,0.0,0.0,0.0,0.0,0.0,0.0,0.0,0.0,0.0,0.0,10.72,9.76,-1.15,-11.54
25,L,117,136,5,8,24,False,0.0,0.0,0.0,0.0,0.0,0.0,0.0,0.0,0.0,0.0,0.0,0.0,0.0,0.0,0.0,11.63,4.43,-6.13,-10.77
8,W,129,107,5,8,24,False,0.0,0.0,0.0,0.0,0.0,0.0,0.0,0.0,0.0,0.0,0.0,0.0,0.0,0.0,0.0,11.4,3.84,-6.74,-12.55
17,L,97,107,6,10,24,False,0.0,0.0,0.0,0.0,0.0,0.0,0.0,0.0,0.0,0.0,0.0,0.0,0.0,0.0,0.0,12.24,9.8,-9.54,-14.51
26,L,89,108,6,11,24,False,0.0,0.0,0.0,0.0,0.0,0.0,0.0,0.0,0.0,0.0,0.0,0.0,0.0,0.0,0.0,12.24,9.84,-9.73,-12.31
27,L,105,123,6,12,24,False,0.0,0.0,0.0,0.0,0.0,0.0,0.0,0.0,0.0,0.0,0.0,0.0,-2.0,107.0,114.5,12.24,12.0,-8.27,-2.31
13,W,141,137,7,12,24,False,0.0,0.0,0.0,0.0,0.0,0.0,0.0,0.0,0.0,0.0,0.0,0.0,0.0,0.0,0.0,1.65,9.67,-10.07,-2.48
14,L,101,128,8,14,24,False,0.0,0.0,0.0,0.0,0.0,0.0,0.0,0.0,0.0,0.0,0.0,0.0,0.0,0.0,0.0,0.14,6.1,-8.99,-11.98
13,L,92,117,8,15,24,False,0.0,0.0,0.0,0.0,0.0,0.0,0.0,0.0,0.0,0.0,0.0,0.0,2.0,141.0,137.0,3.75,8.46,-2.81,-5.62
12,W,124,115,8,14,24,False,0.0,0.0,0.0,0.0,0.0,0.0,0.0,0.0,0.0,0.0,0.0,0.0,0.0,0.0,0.0,3.75,-1.81,-7.94,-11.16
12,W,104,99,9,14,24,False,0.0,0.0,0.0,0.0,0.0,0.0,0.0,0.0,0.0,0.0,0.0,0.0,1.0,124.0,115.0,3.75,3.44,-7.42,-7.38
4,L,123,124,11,16,24,False,0.0,0.0,0.0,0.0,0.0,0.0,0.0,0.0,0.0,0.0,0.0,0.0,2.0,140.0,110.0,5.6,11.17,-6.08,-18.8
5,L,103,117,11,17,24,False,0.0,0.0,0.0,0.0,0.0,0.0,0.0,0.0,0.0,0.0,0.0,0.0,0.0,0.0,0.0,6.33,6.8,-6.6,-14.55
26,L,101,124,11,18,24,False,0.0,0.0,0.0,0.0,0.0,0.0,0.0,0.0,0.0,0.0,0.0,0.0,-2.0,89.0,108.0,8.63,8.93,-8.28,-17.6
28,W,119,105,11,17,24,False,0.0,0.0,0.0,0.0,0.0,0.0,0.0,0.0,0.0,0.0,0.0,0.0,0.0,0.0,0.0,8.63,10.65,-2.88,-6.87
14,L,105,124,12,19,24,False,0.0,0.0,0.0,0.0,0.0,0.0,0.0,0.0,0.0,0.0,0.0,0.0,-1.0,101.0,128.0,6.02,6.1,-11.95,-12.48
25,W,121,114,12,18,24,False,0.0,0.0,0.0,0.0,0.0,0.0,0.0,0.0,0.0,0.0,0.0,0.0,-3.0,117.0,136.0,6.02,10.9,-13.56,-13.17
9,L,98,113,13,20,24,False,0.0,0.0,0.0,0.0,0.0,0.0,0.0,0.0,0.0,0.0,0.0,0.0,-2.0,107.0,119.0,6.02,2.93,-13.56,-14.17
12,L,89,105,13,21,24,False,0.0,0.0,0.0,0.0,0.0,0.0,0.0,0.0,0.0,0.0,0.0,0.0,2.0,114.0,107.0,10.95,5.82,-16.8,-18.53
14,L,102,127,13,22,24,False,0.0,0.0,0.0,0.0,0.0,0.0,0.0,0.0,0.0,0.0,0.0,0.0,-1.0,103.0,126.0,12.24,8.94,-11.26,-12.89
6,W,95,94,14,21,24,False,0.0,0.0,0.0,0.0,0.0,0.0,0.0,0.0,0.0,0.0,0.0,0.0,-1.0,99.0,105.0,9.94,-1.51,-9.95,-17.56
6,L,96,112,15,23,24,False,0.0,0.0,0.0,0.0,0.0,0.0,0.0,0.0,0.0,0.0,0.0,0.0,2.0,97.0,99.5,9.94,-0.8,-9.22,-18.88
15,W,115,113,15,22,24,False,0.0,0.0,0.0,0.0,0.0,0.0,0.0,0.0,0.0,0.0,0.0,0.0,0.0,0.0,0.0,4.43,3.61,-9.18,12.81
13,L,114,122,16,24,24,False,0.0,0.0,0.0,0.0,0.0,0.0,0.0,0.0,0.0,0.0,0.0,0.0,-2.0,116.5,127.0,4.43,4.04,-9.27,-3.18
0,L,102,108,16,25,24,False,0.0,0.0,0.0,0.0,0.0,0.0,0.0,0.0,0.0,0.0,0.0,0.0,0.0,0.0,0.0,4.43,-7.16,-9.27,-12.78
7,L,111,121,16,26,24,False,0.0,0.0,0.0,0.0,0.0,0.0,0.0,0.0,0.0,0.0,0.0,0.0,0.0,0.0,0.0,4.43,6.66,-11.78,-12.89
5,L,108,109,16,28,24,False,0.0,0.0,0.0,0.0,0.0,0.0,0.0,0.0,0.0,0.0,0.0,0.0,-2.0,103.0,117.0,6.33,3.84,-11.26,-13.58
13,W,125,116,16,27,24,False,0.0,0.0,0.0,0.0,0.0,0.0,0.0,0.0,0.0,0.0,0.0,0.0,-1.0,115.7,125.3,7.45,3.79,-10.82,-4.59
10,W,126,114,17,27,24,False,0.0,0.0,0.0,0.0,0.0,0.0,0.0,0.0,0.0,0.0,0.0,0.0,0.0,0.0,0.0,7.45,5.98,-7.01,-12.15
10,L,112,118,18,29,24,False,0.0,0.0,0.0,0.0,0.0,0.0,0.0,0.0,0.0,0.0,0.0,0.0,2.0,126.0,114.0,7.51,5.98,-9.7,-12.15
8,L,131,133,18,30,24,False,0.0,0.0,0.0,0.0,0.0,0.0,0.0,0.0,0.0,0.0,0.0,0.0,1.0,129.0,107.0,5.2,-0.81,-10.31,-8.4
16,L,127,133,18,31,24,False,0.0,0.0,0.0,0.0,0.0,0.0,0.0,0.0,0.0,0.0,0.0,0.0,0.0,0.0,0.0,3.0,4.74,-8.72,-11.11
1,L,75,128,18,32,24,False,0.0,0.0,0.0,0.0,0.0,0.0,0.0,0.0,0.0,0.0,0.0,0.0,0.0,0.0,0.0,3.0,16.9,-11.58,-9.49
0,L,104,121,18,33,24,False,0.0,0.0,0.0,0.0,0.0,0.0,0.0,0.0,0.0,0.0,0.0,0.0,-2.0,102.0,108.0,6.03,7.2,-9.63,-13.59
2,W,112,101,18,34,24,False,0.0,0.0,0.0,0.0,0.0,0.0,0.0,0.0,0.0,0.0,0.0,0.0,0.0,0.0,0.0,6.81,6.04,-8.87,-16.36
9,L,114,126,19,36,24,False,0.0,0.0,0.0,0.0,0.0,0.0,0.0,0.0,0.0,0.0,0.0,0.0,-1.0,102.5,116.0,6.81,4.15,-8.87,-10.61
17,L,114,134,20,37,24,False,0.0,0.0,0.0,0.0,0.0,0.0,0.0,0.0,0.0,0.0,0.0,0.0,-1.0,97.0,107.0,3.51,9.8,-11.3,-15.23
17,W,132,119,20,36,24,False,0.0,0.0,0.0,0.0,0.0,0.0,0.0,0.0,0.0,0.0,0.0,0.0,-1.0,105.5,120.5,13.44,9.29,-10.89,-16.55
28,W,123,110,21,36,24,False,0.0,0.0,0.0,0.0,0.0,0.0,0.0,0.0,0.0,0.0,0.0,0.0,1.0,119.0,105.0,11.91,-3.2,-4.77,-9.4
2,L,85,109,22,38,24,False,0.0,0.0,0.0,0.0,0.0,0.0,0.0,0.0,0.0,0.0,0.0,0.0,1.0,112.0,101.0,11.91,0.94,-6.39,-12.63
3,L,118,125,22,39,24,False,0.0,0.0,0.0,0.0,0.0,0.0,0.0,0.0,0.0,0.0,0.0,0.0,0.0,0.0,0.0,11.91,-0.03,-6.65,-15.66
7,L,110,128,22,40,24,False,0.0,0.0,0.0,0.0,0.0,0.0,0.0,0.0,0.0,0.0,0.0,0.0,-3.0,111.0,121.0,11.91,8.53,-3.75,-15.65
7,L,110,115,22,41,24,False,0.0,0.0,0.0,0.0,0.0,0.0,0.0,0.0,0.0,0.0,0.0,0.0,-3.0,110.5,124.5,11.91,8.53,-5.61,-15.14
25,W,115,112,23,41,24,False,0.0,0.0,0.0,0.0,0.0,0.0,0.0,0.0,0.0,0.0,0.0,0.0,1.0,119.0,125.0,12.63,8.78,-4.14,-13.66
6,L,113,114,24,43,24,False,0.0,0.0,0.0,0.0,0.0,0.0,0.0,0.0,0.0,0.0,0.0,0.0,-1.0,96.7,103.7,12.63,1.2,-4.14,-12.72
7,L,100,106,24,45,24,False,0.0,0.0,0.0,0.0,0.0,0.0,0.0,0.0,0.0,0.0,0.0,0.0,-4.0,110.3,121.3,6.36,0.8,-3.48,-14.39
27,L,125,134,24,46,24,False,0.0,0.0,0.0,0.0,0.0,0.0,0.0,0.0,0.0,0.0,0.0,0.0,-3.0,106.3,117.3,4.46,3.37,-4.56,-3.42
3,W,112,103,24,45,24,False,0.0,0.0,0.0,0.0,0.0,0.0,0.0,0.0,0.0,0.0,0.0,0.0,-2.0,118.0,125.0,11.01,7.69,-5.65,-12.86
16,L,126,135,25,47,24,False,0.0,0.0,0.0,0.0,0.0,0.0,0.0,0.0,0.0,0.0,0.0,0.0,-3.0,127.0,133.0,12.63,11.32,-4.16,-9.07
1,L,97,126,25,48,24,False,0.0,0.0,0.0,0.0,0.0,0.0,0.0,0.0,0.0,0.0,0.0,0.0,-4.0,75.0,128.0,8.72,16.9,-7.19,-11.57
11,W,110,109,25,48,24,False,0.0,0.0,0.0,0.0,0.0,0.0,0.0,0.0,0.0,0.0,0.0,0.0,-1.0,91.0,94.0,0.55,-4.75,-7.26,-9.72
15,L,100,123,27,50,24,False,0.0,0.0,0.0,0.0,0.0,0.0,0.0,0.0,0.0,0.0,0.0,0.0,1.0,115.0,113.0,0.55,8.77,-8.25,-9.11
10,W,121,118,27,49,24,False,0.0,0.0,0.0,0.0,0.0,0.0,0.0,0.0,0.0,0.0,0.0,0.0,-1.0,119.0,116.0,0.55,-3.49,-7.26,-14.38
10,W,122,117,28,49,24,False,0.0,0.0,0.0,0.0,0.0,0.0,0.0,0.0,0.0,0.0,0.0,0.0,1.0,119.7,116.7,0.55,-3.49,-7.26,-14.38
9,L,90,109,29,51,24,False,0.0,0.0,0.0,0.0,0.0,0.0,0.0,0.0,0.0,0.0,0.0,0.0,-1.0,106.3,119.3,0.55,-1.15,-7.26,-13.46
12,L,98,117,29,53,24,False,0.0,0.0,0.0,0.0,0.0,0.0,0.0,0.0,0.0,0.0,0.0,0.0,-2.0,105.7,106.3,0.55,7.25,-7.32,-3.52
7,L,96,102,1,2,25,False,0.0,0.0,0.0,0.0,0.0,0.0,0.0,0.0,0.0,0.0,0.0,0.0,0.0,0.0,0.0,36.96,45.16,18.18,14.06
16,L,111,121,1,3,25,False,0.0,0.0,0.0,0.0,0.0,0.0,0.0,0.0,0.0,0.0,0.0,0.0,0.0,0.0,0.0,11.36,13.27,-2.85,-10.33
13,L,121,125,1,4,25,False,0.0,0.0,0.0,0.0,0.0,0.0,0.0,0.0,0.0,0.0,0.0,0.0,0.0,0.0,0.0,11.39,2.41,-11.11,-3.02
6,L,99,104,1,5,25,False,0.0,0.0,0.0,0.0,0.0,0.0,0.0,0.0,0.0,0.0,0.0,0.0,0.0,0.0,0.0,11.96,5.63,-16.15,-6.96
16,W,102,93,1,4,25,False,0.0,0.0,0.0,0.0,0.0,0.0,0.0,0.0,0.0,0.0,0.0,0.0,-2.0,111.0,121.0,11.71,7.79,-16.02,-7.39
11,L,118,131,2,6,25,False,0.0,0.0,0.0,0.0,0.0,0.0,0.0,0.0,0.0,0.0,0.0,0.0,0.0,0.0,0.0,11.71,13.01,-14.84,-10.5
6,L,108,109,2,7,25,False,0.0,0.0,0.0,0.0,0.0,0.0,0.0,0.0,0.0,0.0,0.0,0.0,-4.0,99.0,104.0,4.9,4.55,-12.74,-17.28
6,L,109,123,4,9,25,False,0.0,0.0,0.0,0.0,0.0,0.0,0.0,0.0,0.0,0.0,0.0,0.0,-2.0,103.5,106.5,4.43,4.92,-9.06,-14.46
13,L,106,114,4,10,25,False,0.0,0.0,0.0,0.0,0.0,0.0,0.0,0.0,0.0,0.0,0.0,0.0,-3.0,121.0,125.0,4.43,10.36,-9.06,-7.31
12,L,92,106,4,11,25,False,0.0,0.0,0.0,0.0,0.0,0.0,0.0,0.0,0.0,0.0,0.0,0.0,0.0,0.0,0.0,4.43,7.38,-9.06,-10.39
17,L,90,115,4,12,25,False,0.0,0.0,0.0,0.0,0.0,0.0,0.0,0.0,0.0,0.0,0.0,0.0,0.0,0.0,0.0,4.43,9.8,-5.73,-15.7
0,L,106,124,4,14,25,False,0.0,0.0,0.0,0.0,0.0,0.0,0.0,0.0,0.0,0.0,0.0,0.0,0.0,0.0,0.0,7.89,7.54,-11.03,-10.68
1,W,96,88,4,13,25,False,0.0,0.0,0.0,0.0,0.0,0.0,0.0,0.0,0.0,0.0,0.0,0.0,0.0,0.0,0.0,7.89,17.48,-12.48,-17.29
28,W,116,99,5,13,25,False,0.0,0.0,0.0,0.0,0.0,0.0,0.0,0.0,0.0,0.0,0.0,0.0,0.0,0.0,0.0,7.89,10.65,-12.5,-6.87
9,W,112,107,7,13,25,False,0.0,0.0,0.0,0.0,0.0,0.0,0.0,0.0,0.0,0.0,0.0,0.0,0.0,0.0,0.0,9.9,9.78,-15.78,-10.7
7,W,123,111,8,15,25,False,0.0,0.0,0.0,0.0,0.0,0.0,0.0,0.0,0.0,0.0,0.0,0.0,-1.0,96.0,102.0,5.65,8.53,-10.96,-16.57
7,L,112,127,9,17,25,False,0.0,0.0,0.0,0.0,0.0,0.0,0.0,0.0,0.0,0.0,0.0,0.0,1.0,109.5,106.5,9.9,2.89,-9.64,-17.04
4,L,115,131,10,18,25,False,0.0,0.0,0.0,0.0,0.0,0.0,0.0,0.0,0.0,0.0,0.0,0.0,0.0,0.0,0.0,9.9,11.03,-13.75,-12.35
27,W,128,126,10,17,25,False,0.0,0.0,0.0,0.0,0.0,0.0,0.0,0.0,0.0,0.0,0.0,0.0,0.0,0.0,0.0,9.9,12.0,-11.16,-11.55
12,W,116,92,11,18,25,False,0.0,0.0,0.0,0.0,0.0,0.0,0.0,0.0,0.0,0.0,0.0,0.0,-3.0,92.0,106.0,9.9,8.59,-11.16,-9.58
13,W,138,110,12,18,25,False,0.0,0.0,0.0,0.0,0.0,0.0,0.0,0.0,0.0,0.0,0.0,0.0,-2.0,113.5,119.5,9.9,7.1,-11.16,-3.69
8,W,144,109,13,18,25,False,0.0,0.0,0.0,0.0,0.0,0.0,0.0,0.0,0.0,0.0,0.0,0.0,0.0,0.0,0.0,3.53,-7.35,-11.9,-2.22
27,L,104,110,14,20,25,False,0.0,0.0,0.0,0.0,0.0,0.0,0.0,0.0,0.0,0.0,0.0,0.0,1.0,128.0,126.0,3.53,7.85,-14.37,-13.09
14,L,105,118,14,21,25,False,0.0,0.0,0.0,0.0,0.0,0.0,0.0,0.0,0.0,0.0,0.0,0.0,0.0,0.0,0.0,3.53,10.68,-13.51,-14.53
8,L,116,117,14,22,25,False,0.0,0.0,0.0,0.0,0.0,0.0,0.0,0.0,0.0,0.0,0.0,0.0,3.0,144.0,109.0,2.55,-5.42,-17.36,-13.63
26,L,104,129,14,23,25,False,0.0,0.0,0.0,0.0,0.0,0.0,0.0,0.0,0.0,0.0,0.0,0.0,0.0,0.0,0.0,2.55,14.8,-17.36,-14.24
1,W,99,97,14,22,25,False,0.0,0.0,0.0,0.0,0.0,0.0,0.0,0.0,0.0,0.0,0.0,0.0,1.0,96.0,88.0,10.9,16.9,-15.41,-14.12
2,L,119,121,15,25,25,False,0.0,0.0,0.0,0.0,0.0,0.0,0.0,0.0,0.0,0.0,0.0,0.0,0.0,0.0,0.0,1.47,8.25,-16.58,-14.5
10,L,124,128,15,27,25,False,0.0,0.0,0.0,0.0,0.0,0.0,0.0,0.0,0.0,0.0,0.0,0.0,0.0,0.0,0.0,1.47,5.98,-13.25,-14.68
5,L,109,114,15,28,25,False,0.0,0.0,0.0,0.0,0.0,0.0,0.0,0.0,0.0,0.0,0.0,0.0,0.0,0.0,0.0,8.78,3.84,-14.49,-13.08
12,W,101,94,15,27,25,False,0.0,0.0,0.0,0.0,0.0,0.0,0.0,0.0,0.0,0.0,0.0,0.0,1.0,104.0,99.0,1.56,-1.75,-11.11,-11.29
2,L,102,117,17,30,25,False,0.0,0.0,0.0,0.0,0.0,0.0,0.0,0.0,0.0,0.0,0.0,0.0,-2.0,119.0,121.0,9.9,3.75,-13.35,-10.93
10,W,134,104,17,30,25,False,0.0,0.0,0.0,0.0,0.0,0.0,0.0,0.0,0.0,0.0,0.0,0.0,-4.0,124.0,128.0,9.9,5.98,-12.14,-12.15
14,L,110,118,18,32,25,False,0.0,0.0,0.0,0.0,0.0,0.0,0.0,0.0,0.0,0.0,0.0,0.0,-2.0,105.0,118.0,9.9,9.56,-14.38,-14.65
3,W,131,122,18,31,25,False,0.0,0.0,0.0,0.0,0.0,0.0,0.0,0.0,0.0,0.0,0.0,0.0,0.0,0.0,0.0,9.9,7.69,-14.38,-15.22
9,L,120,124,19,34,25,False,0.0,0.0,0.0,0.0,0.0,0.0,0.0,0.0,0.0,0.0,0.0,0.0,4.0,112.0,107.0,9.9,-6.42,-13.17,-17.4
15,L,95,112,19,35,25,False,0.0,0.0,0.0,0.0,0.0,0.0,0.0,0.0,0.0,0.0,0.0,0.0,0.0,0.0,0.0,-2.85,11.39,-15.55,-8.46
10,W,131,106,19,34,25,False,0.0,0.0,0.0,0.0,0.0,0.0,0.0,0.0,0.0,0.0,0.0,0.0,1.0,129.0,116.0,9.9,5.98,-14.81,-12.15
5,L,92,105,20,36,25,False,0.0,0.0,0.0,0.0,0.0,0.0,0.0,0.0,0.0,0.0,0.0,0.0,-5.0,109.0,114.0,9.9,1.62,-5.85,-10.4
0,W,136,121,20,35,25,False,0.0,0.0,0.0,0.0,0.0,0.0,0.0,0.0,0.0,0.0,0.0,0.0,-6.0,106.0,124.0,8.78,7.2,-14.59,-12.64
3,L,109,120,22,37,25,False,0.0,0.0,0.0,0.0,0.0,0.0,0.0,0.0,0.0,0.0,0.0,0.0,1.0,131.0,122.0,8.78,-0.03,-13.96,-14.44
28,W,157,153,23,36,25,False,0.0,0.0,0.0,0.0,0.0,0.0,0.0,0.0,0.0,0.0,0.0,0.0,2.0,116.0,99.0,8.78,-2.33,-12.62,-13.68
15,L,129,133,24,38,25,False,0.0,0.0,0.0,0.0,0.0,0.0,0.0,0.0,0.0,0.0,0.0,0.0,-3.0,95.0,112.0,-8.51,11.39,-13.93,-11.13
14,L,105,118,24,39,25,False,0.0,0.0,0.0,0.0,0.0,0.0,0.0,0.0,0.0,0.0,0.0,0.0,-1.0,107.5,118.0,8.78,9.56,-13.68,-11.45
4,L,117,123,24,41,25,False,0.0,0.0,0.0,0.0,0.0,0.0,0.0,0.0,0.0,0.0,0.0,0.0,-1.0,115.0,131.0,8.78,10.21,-13.66,-3.44
13,W,117,110,24,40,25,False,0.0,0.0,0.0,0.0,0.0,0.0,0.0,0.0,0.0,0.0,0.0,0.0,2.0,121.7,116.3,6.85,2.08,-18.36,-4.56
26,L,104,119,25,42,25,False,0.0,0.0,0.0,0.0,0.0,0.0,0.0,0.0,0.0,0.0,0.0,0.0,-4.0,104.0,129.0,8.78,9.84,-12.64,-11.95
27,W,104,102,25,41,25,False,0.0,0.0,0.0,0.0,0.0,0.0,0.0,0.0,0.0,0.0,0.0,0.0,-1.0,116.0,118.0,7.85,6.66,-14.44,-8.2
11,L,108,119,26,43,25,False,0.0,0.0,0.0,0.0,0.0,0.0,0.0,0.0,0.0,0.0,0.0,0.0,-1.0,118.0,131.0,-7.43,0.7,-14.84,-15.1
17,L,139,149,26,44,25,False,0.0,0.0,0.0,0.0,0.0,0.0,0.0,0.0,0.0,0.0,0.0,0.0,-4.0,90.0,115.0,7.85,11.49,-15.09,-17.44
9,W,110,108,27,44,25,False,0.0,0.0,0.0,0.0,0.0,0.0,0.0,0.0,0.0,0.0,0.0,0.0,-2.0,116.0,115.5,4.91,3.85,-16.72,-11.44
10,W,123,120,30,44,25,False,0.0,0.0,0.0,0.0,0.0,0.0,0.0,0.0,0.0,0.0,0.0,0.0,1.0,129.7,112.7,4.91,-0.42,-12.57,-18.41
14,L,111,112,31,46,25,False,0.0,0.0,0.0,0.0,0.0,0.0,0.0,0.0,0.0,0.0,0.0,0.0,-2.0,106.7,118.0,4.91,6.1,-12.57,-10.63
7,W,116,97,33,45,25,False,0.0,0.0,0.0,0.0,0.0,0.0,0.0,0.0,0.0,0.0,0.0,0.0,-1.0,110.3,113.3,-3.44,6.33,-10.27,-14.66
17,L,121,127,34,47,25,False,0.0,0.0,0.0,0.0,0.0,0.0,0.0,0.0,0.0,0.0,0.0,0.0,-2.0,114.5,132.0,-3.44,6.92,-13.68,-15.93
9,L,94,100,34,48,25,False,0.0,0.0,0.0,0.0,0.0,0.0,0.0,0.0,0.0,0.0,0.0,0.0,1.0,114.0,113.0,-14.29,4.28,-15.61,-12.88
6,L,120,130,34,49,25,False,0.0,0.0,0.0,0.0,0.0,0.0,0.0,0.0,0.0,0.0,0.0,0.0,-1.0,105.3,112.0,4.91,1.92,-15.74,-11.44
28,L,83,98,0,2,26,False,0.0,0.0,0.0,0.0,0.0,0.0,0.0,0.0,0.0,0.0,0.0,0.0,0.0,0.0,0.0,0.0,0.0,0.0,0.0
1,W,115,83,0,1,26,False,0.0,0.0,0.0,0.0,0.0,0.0,0.0,0.0,0.0,0.0,0.0,0.0,0.0,0.0,0.0,27.97,60.38,20.06,21.31
6,L,95,103,1,3,26,False,0.0,0.0,0.0,0.0,0.0,0.0,0.0,0.0,0.0,0.0,0.0,0.0,0.0,0.0,0.0,9.93,26.33,-3.55,12.55
3,L,108,111,1,4,26,False,0.0,0.0,0.0,0.0,0.0,0.0,0.0,0.0,0.0,0.0,0.0,0.0,0.0,0.0,0.0,11.29,16.08,-8.96,-6.88
11,W,118,100,1,3,26,False,0.0,0.0,0.0,0.0,0.0,0.0,0.0,0.0,0.0,0.0,0.0,0.0,0.0,0.0,0.0,12.05,16.97,-9.25,-0.94
11,W,97,94,3,3,26,False,0.0,0.0,0.0,0.0,0.0,0.0,0.0,0.0,0.0,0.0,0.0,0.0,1.0,118.0,100.0,13.67,9.67,-13.14,-8.01
28,W,109,100,5,3,26,False,0.0,0.0,0.0,0.0,0.0,0.0,0.0,0.0,0.0,0.0,0.0,0.0,-1.0,83.0,98.0,8.48,10.65,-14.39,-1.37
5,L,101,102,6,5,26,False,0.0,0.0,0.0,0.0,0.0,0.0,0.0,0.0,0.0,0.0,0.0,0.0,0.0,0.0,0.0,13.67,5.26,-12.7,-14.31
2,L,103,116,6,6,26,False,0.0,0.0,0.0,0.0,0.0,0.0,0.0,0.0,0.0,0.0,0.0,0.0,0.0,0.0,0.0,15.93,7.03,-12.8,-10.25
1,L,88,104,6,7,26,False,0.0,0.0,0.0,0.0,0.0,0.0,0.0,0.0,0.0,0.0,0.0,0.0,1.0,115.0,83.0,19.18,13.62,-12.89,-16.7
8,L,121,127,7,8,26,False,0.0,0.0,0.0,0.0,0.0,0.0,0.0,0.0,0.0,0.0,0.0,0.0,0.0,0.0,0.0,7.24,3.84,-14.44,-11.37
27,L,103,119,7,10,26,False,0.0,0.0,0.0,0.0,0.0,0.0,0.0,0.0,0.0,0.0,0.0,0.0,0.0,0.0,0.0,10.54,12.0,-15.13,-13.92
9,L,104,119,8,11,26,False,0.0,0.0,0.0,0.0,0.0,0.0,0.0,0.0,0.0,0.0,0.0,0.0,0.0,0.0,0.0,9.84,9.78,-12.31,-12.81
14,W,126,113,8,10,26,False,0.0,0.0,0.0,0.0,0.0,0.0,0.0,0.0,0.0,0.0,0.0,0.0,0.0,0.0,0.0,12.09,14.54,-14.47,-14.27
11,L,97,114,9,12,26,False,0.0,0.0,0.0,0.0,0.0,0.0,0.0,0.0,0.0,0.0,0.0,0.0,3.0,107.5,97.0,12.09,12.86,-16.48,-10.37
1,L,97,109,9,13,26,False,0.0,0.0,0.0,0.0,0.0,0.0,0.0,0.0,0.0,0.0,0.0,0.0,-3.0,101.5,93.5,7.67,14.77,-14.25,-17.9
14,L,91,98,9,14,26,False,0.0,0.0,0.0,0.0,0.0,0.0,0.0,0.0,0.0,0.0,0.0,0.0,1.0,126.0,113.0,7.67,6.1,-15.88,-11.95
16,W,97,93,9,13,26,False,0.0,0.0,0.0,0.0,0.0,0.0,0.0,0.0,0.0,0.0,0.0,0.0,0.0,0.0,0.0,12.09,6.66,-14.54,-5.5
28,W,102,90,10,13,26,False,0.0,0.0,0.0,0.0,0.0,0.0,0.0,0.0,0.0,0.0,0.0,0.0,5.0,96.0,99.0,12.09,10.65,-14.75,-10.67
2,L,129,131,13,16,26,False,0.0,0.0,0.0,0.0,0.0,0.0,0.0,0.0,0.0,0.0,0.0,0.0,-2.0,103.0,116.0,8.93,0.63,-17.6,-17.59
9,W,119,100,13,15,26,False,0.0,0.0,0.0,0.0,0.0,0.0,0.0,0.0,0.0,0.0,0.0,0.0,-1.0,104.0,119.0,10.51,-12.36,-14.25,-11.18
5,L,99,144,14,17,26,False,0.0,0.0,0.0,0.0,0.0,0.0,0.0,0.0,0.0,0.0,0.0,0.0,-1.0,101.0,102.0,-11.44,1.34,-19.14,-12.58
12,W,116,108,14,17,26,False,0.0,0.0,0.0,0.0,0.0,0.0,0.0,0.0,0.0,0.0,0.0,0.0,0.0,0.0,0.0,10.42,0.57,-9.71,-12.97
16,W,117,111,17,17,26,False,0.0,0.0,0.0,0.0,0.0,0.0,0.0,0.0,0.0,0.0,0.0,0.0,1.0,97.0,93.0,14.8,1.78,-14.59,-14.76
27,W,122,108,18,17,26,False,0.0,0.0,0.0,0.0,0.0,0.0,0.0,0.0,0.0,0.0,0.0,0.0,-3.0,103.0,119.0,14.8,-16.81,-12.33,-10.45
8,L,87,103,20,20,26,False,0.0,0.0,0.0,0.0,0.0,0.0,0.0,0.0,0.0,0.0,0.0,0.0,-1.0,121.0,127.0,11.2,-1.1,-12.54,-7.39
16,W,103,96,20,19,26,False,0.0,0.0,0.0,0.0,0.0,0.0,0.0,0.0,0.0,0.0,0.0,0.0,4.0,107.0,102.0,8.71,8.39,-11.45,-6.54
15,L,99,104,21,21,26,False,0.0,0.0,0.0,0.0,0.0,0.0,0.0,0.0,0.0,0.0,0.0,0.0,0.0,0.0,0.0,13.45,6.1,-15.4,-8.55
6,L,98,102,21,22,26,False,0.0,0.0,0.0,0.0,0.0,0.0,0.0,0.0,0.0,0.0,0.0,0.0,-1.0,95.0,103.0,13.45,5.1,-15.4,-12.0
28,W,109,105,21,21,26,False,0.0,0.0,0.0,0.0,0.0,0.0,0.0,0.0,0.0,0.0,0.0,0.0,2.0,98.0,96.0,14.8,6.23,-12.05,-9.48
4,W,125,113,22,22,26,False,0.0,0.0,0.0,0.0,0.0,0.0,0.0,0.0,0.0,0.0,0.0,0.0,0.0,0.0,0.0,6.66,10.73,-12.9,-13.47
3,L,105,111,23,24,26,False,0.0,0.0,0.0,0.0,0.0,0.0,0.0,0.0,0.0,0.0,0.0,0.0,-2.0,108.0,111.0,11.95,7.69,-10.5,-15.22
15,W,124,120,23,23,26,False,0.0,0.0,0.0,0.0,0.0,0.0,0.0,0.0,0.0,0.0,0.0,0.0,-1.0,99.0,104.0,14.8,6.1,-12.54,-8.55
0,W,106,100,24,23,26,False,0.0,0.0,0.0,0.0,0.0,0.0,0.0,0.0,0.0,0.0,0.0,0.0,0.0,0.0,0.0,14.8,-0.4,-12.54,-14.79
15,W,110,106,25,23,26,False,0.0,0.0,0.0,0.0,0.0,0.0,0.0,0.0,0.0,0.0,0.0,0.0,1.0,111.5,112.0,14.8,6.1,-12.54,-7.72
3,W,127,120,26,23,26,False,0.0,0.0,0.0,0.0,0.0,0.0,0.0,0.0,0.0,0.0,0.0,0.0,-1.0,106.5,111.0,14.8,7.69,-11.8,-15.22
0,W,125,114,27,23,26,False,0.0,0.0,0.0,0.0,0.0,0.0,0.0,0.0,0.0,0.0,0.0,0.0,2.0,106.0,100.0,14.8,7.2,-14.56,-13.2
4,W,116,101,28,23,26,False,0.0,0.0,0.0,0.0,0.0,0.0,0.0,0.0,0.0,0.0,0.0,0.0,1.0,125.0,113.0,14.8,13.83,-10.09,-11.56
10,W,139,120,30,23,26,False,0.0,0.0,0.0,0.0,0.0,0.0,0.0,0.0,0.0,0.0,0.0,0.0,0.0,0.0,0.0,11.95,4.01,-12.54,-11.25
7,L,109,110,31,25,26,False,0.0,0.0,0.0,0.0,0.0,0.0,0.0,0.0,0.0,0.0,0.0,0.0,0.0,0.0,0.0,14.8,6.22,-10.41,-16.19
17,W,103,91,31,25,26,False,0.0,0.0,0.0,0.0,0.0,0.0,0.0,0.0,0.0,0.0,0.0,0.0,0.0,0.0,0.0,9.7,9.8,-12.55,-15.23
4,L,93,125,32,27,26,False,0.0,0.0,0.0,0.0,0.0,0.0,0.0,0.0,0.0,0.0,0.0,0.0,6.0,120.5,107.0,9.84,10.21,-12.55,-3.29
0,L,100,127,32,28,26,False,0.0,0.0,0.0,0.0,0.0,0.0,0.0,0.0,0.0,0.0,0.0,0.0,5.0,115.5,107.0,9.84,2.59,-12.55,-14.35
2,W,133,97,32,27,26,False,0.0,0.0,0.0,0.0,0.0,0.0,0.0,0.0,0.0,0.0,0.0,0.0,-1.0,116.0,123.5,1.49,-2.52,-7.39,-9.29
2,W,109,108,33,27,26,False,0.0,0.0,0.0,0.0,0.0,0.0,0.0,0.0,0.0,0.0,0.0,0.0,1.0,121.7,114.7,1.49,-0.78,-11.08,-10.38
8,L,106,108,34,29,26,False,0.0,0.0,0.0,0.0,0.0,0.0,0.0,0.0,0.0,0.0,0.0,0.0,-2.0,104.0,115.0,1.49,4.13,-12.75,-12.26
5,L,96,104,34,31,26,False,0.0,0.0,0.0,0.0,0.0,0.0,0.0,0.0,0.0,0.0,0.0,0.0,-1.0,100.0,123.0,3.84,6.8,-12.06,-12.78
7,W,127,115,36,30,26,False,0.0,0.0,0.0,0.0,0.0,0.0,0.0,0.0,0.0,0.0,0.0,0.0,-1.0,109.0,110.0,4.84,4.36,-10.84,-15.43
13,W,114,103,37,30,26,False,0.0,0.0,0.0,0.0,0.0,0.0,0.0,0.0,0.0,0.0,0.0,0.0,0.0,0.0,0.0,12.09,6.62,-11.78,-6.3
12,W,103,100,38,30,26,False,0.0,0.0,0.0,0.0,0.0,0.0,0.0,0.0,0.0,0.0,0.0,0.0,1.0,116.0,108.0,9.84,-1.75,-10.17,-7.02
13,L,123,128,39,32,26,False,0.0,0.0,0.0,0.0,0.0,0.0,0.0,0.0,0.0,0.0,0.0,0.0,4.0,114.0,103.0,9.84,2.41,-13.26,-6.08
3,L,99,113,40,33,26,False,0.0,0.0,0.0,0.0,0.0,0.0,0.0,0.0,0.0,0.0,0.0,0.0,4.0,113.3,114.0,8.49,11.34,-12.64,-14.04
5,W,117,104,40,32,26,False,0.0,0.0,0.0,0.0,0.0,0.0,0.0,0.0,0.0,0.0,0.0,0.0,-3.0,98.7,116.7,11.2,5.06,-10.17,-12.69
11,W,131,91,41,32,26,False,0.0,0.0,0.0,0.0,0.0,0.0,0.0,0.0,0.0,0.0,0.0,0.0,-1.0,104.0,102.7,11.2,-4.86,-10.17,-7.64
1,W,115,112,42,32,26,False,0.0,0.0,0.0,0.0,0.0,0.0,0.0,0.0,0.0,0.0,0.0,0.0,-2.0,100.0,98.7,14.8,-3.18,-10.17,-15.62
17,W,125,102,43,32,26,False,0.0,0.0,0.0,0.0,0.0,0.0,0.0,0.0,0.0,0.0,0.0,0.0,1.0,103.0,91.0,14.8,9.8,-9.73,-18.41
15,L,109,114,45,34,26,False,0.0,0.0,0.0,0.0,0.0,0.0,0.0,0.0,0.0,0.0,0.0,0.0,3.0,111.0,110.0,9.84,-0.47,-15.15,-9.47
0,W,118,108,45,33,26,False,0.0,0.0,0.0,0.0,0.0,0.0,0.0,0.0,0.0,0.0,0.0,0.0,-2.0,110.3,113.7,9.84,-0.14,-15.15,-12.68
10,W,117,115,47,33,26,False,0.0,0.0,0.0,0.0,0.0,0.0,0.0,0.0,0.0,0.0,0.0,0.0,8.0,139.0,120.0,2.59,-0.42,-14.15,-18.41
7,W,122,110,2,0,27,False,0.0,0.0,0.0,0.0,0.0,0.0,0.0,0.0,0.0,0.0,0.0,0.0,0.0,0.0,0.0,12.67,11.01,-3.6,-3.27
10,W,122,91,3,0,27,False,0.0,0.0,0.0,0.0,0.0,0.0,0.0,0.0,0.0,0.0,0.0,0.0,0.0,0.0,0.0,12.3,6.32,-2.83,-12.38
3,L,99,107,4,2,27,False,0.0,0.0,0.0,0.0,0.0,0.0,0.0,0.0,0.0,0.0,0.0,0.0,0.0,0.0,0.0,9.99,13.67,-15.12,-9.91
16,W,107,95,4,1,27,False,0.0,0.0,0.0,0.0,0.0,0.0,0.0,0.0,0.0,0.0,0.0,0.0,0.0,0.0,0.0,11.73,5.81,-12.75,-5.41
0,W,116,98,6,1,27,False,0.0,0.0,0.0,0.0,0.0,0.0,0.0,0.0,0.0,0.0,0.0,0.0,0.0,0.0,0.0,7.85,8.96,-16.07,-12.47
15,L,115,118,7,3,27,False,0.0,0.0,0.0,0.0,0.0,0.0,0.0,0.0,0.0,0.0,0.0,0.0,0.0,0.0,0.0,12.0,11.39,-12.74,-12.39
0,W,110,98,7,3,27,False,0.0,0.0,0.0,0.0,0.0,0.0,0.0,0.0,0.0,0.0,0.0,0.0,3.0,116.0,98.0,12.0,3.86,-10.66,-6.94
11,L,100,111,8,5,27,False,0.0,0.0,0.0,0.0,0.0,0.0,0.0,0.0,0.0,0.0,0.0,0.0,0.0,0.0,0.0,12.0,13.95,-11.12,-12.67
15,L,105,111,8,6,27,False,0.0,0.0,0.0,0.0,0.0,0.0,0.0,0.0,0.0,0.0,0.0,0.0,-1.0,115.0,118.0,12.0,10.03,-14.1,-17.44
14,L,118,119,11,7,27,False,0.0,0.0,0.0,0.0,0.0,0.0,0.0,0.0,0.0,0.0,0.0,0.0,0.0,0.0,0.0,12.0,10.68,-12.56,-15.24
1,W,137,130,14,7,27,False,0.0,0.0,0.0,0.0,0.0,0.0,0.0,0.0,0.0,0.0,0.0,0.0,0.0,0.0,0.0,12.0,13.62,-9.75,-16.12
5,W,109,108,15,7,27,False,0.0,0.0,0.0,0.0,0.0,0.0,0.0,0.0,0.0,0.0,0.0,0.0,0.0,0.0,0.0,12.0,6.8,-10.39,-14.3
17,W,136,104,16,7,27,False,0.0,0.0,0.0,0.0,0.0,0.0,0.0,0.0,0.0,0.0,0.0,0.0,0.0,0.0,0.0,12.0,4.32,-12.36,-15.3
28,W,123,98,18,7,27,False,0.0,0.0,0.0,0.0,0.0,0.0,0.0,0.0,0.0,0.0,0.0,0.0,0.0,0.0,0.0,12.0,6.23,-9.75,-9.33
12,W,124,103,19,7,27,False,0.0,0.0,0.0,0.0,0.0,0.0,0.0,0.0,0.0,0.0,0.0,0.0,0.0,0.0,0.0,12.0,3.2,-8.06,-14.41
28,L,103,109,20,10,27,False,0.0,0.0,0.0,0.0,0.0,0.0,0.0,0.0,0.0,0.0,0.0,0.0,7.0,123.0,98.0,10.69,10.65,-11.15,-6.87
4,W,112,102,20,9,27,False,0.0,0.0,0.0,0.0,0.0,0.0,0.0,0.0,0.0,0.0,0.0,0.0,0.0,0.0,0.0,12.0,12.43,-7.33,-6.91
17,W,128,116,21,9,27,False,0.0,0.0,0.0,0.0,0.0,0.0,0.0,0.0,0.0,0.0,0.0,0.0,5.0,136.0,104.0,12.0,-4.97,-11.55,-22.18
6,W,120,116,22,9,27,False,0.0,0.0,0.0,0.0,0.0,0.0,0.0,0.0,0.0,0.0,0.0,0.0,0.0,0.0,0.0,12.0,-5.21,-11.55,-3.92
17,W,120,108,25,9,27,False,0.0,0.0,0.0,0.0,0.0,0.0,0.0,0.0,0.0,0.0,0.0,0.0,2.0,132.0,110.0,6.68,0.01,-14.2,-15.5
9,L,116,123,26,11,27,False,0.0,0.0,0.0,0.0,0.0,0.0,0.0,0.0,0.0,0.0,0.0,0.0,0.0,0.0,0.0,12.0,1.93,-14.09,-10.71
7,W,115,109,27,10,27,False,0.0,0.0,0.0,0.0,0.0,0.0,0.0,0.0,0.0,0.0,0.0,0.0,3.0,122.0,110.0,3.48,3.35,-14.1,-13.36
11,L,113,125,28,13,27,False,0.0,0.0,0.0,0.0,0.0,0.0,0.0,0.0,0.0,0.0,0.0,0.0,-1.0,100.0,111.0,7.53,2.15,-9.93,-5.12
8,L,116,126,28,14,27,False,0.0,0.0,0.0,0.0,0.0,0.0,0.0,0.0,0.0,0.0,0.0,0.0,0.0,0.0,0.0,7.53,-1.1,-13.55,-8.53
5,L,91,111,28,15,27,False,0.0,0.0,0.0,0.0,0.0,0.0,0.0,0.0,0.0,0.0,0.0,0.0,4.0,109.0,108.0,8.72,3.84,-12.06,-13.89
7,W,125,102,28,14,27,False,0.0,0.0,0.0,0.0,0.0,0.0,0.0,0.0,0.0,0.0,0.0,0.0,2.0,118.5,109.5,12.0,8.53,-10.48,-12.94
13,L,95,101,29,16,27,False,0.0,0.0,0.0,0.0,0.0,0.0,0.0,0.0,0.0,0.0,0.0,0.0,0.0,0.0,0.0,12.0,0.84,-10.9,-2.48
10,L,111,116,29,17,27,False,0.0,0.0,0.0,0.0,0.0,0.0,0.0,0.0,0.0,0.0,0.0,0.0,4.0,122.0,91.0,7.85,5.98,-15.14,-12.15
8,W,111,101,29,16,27,False,0.0,0.0,0.0,0.0,0.0,0.0,0.0,0.0,0.0,0.0,0.0,0.0,-3.0,116.0,126.0,7.85,-0.81,-12.55,-10.06
9,L,92,94,30,18,27,False,0.0,0.0,0.0,0.0,0.0,0.0,0.0,0.0,0.0,0.0,0.0,0.0,-1.0,116.0,123.0,7.85,7.06,-13.68,-12.25
14,L,109,119,30,21,27,False,0.0,0.0,0.0,0.0,0.0,0.0,0.0,0.0,0.0,0.0,0.0,0.0,-1.0,118.0,119.0,3.37,9.56,-13.68,-14.65
17,L,106,126,30,22,27,False,0.0,0.0,0.0,0.0,0.0,0.0,0.0,0.0,0.0,0.0,0.0,0.0,6.0,128.0,109.3,3.37,3.51,-12.78,-16.15
7,W,108,104,30,21,27,False,0.0,0.0,0.0,0.0,0.0,0.0,0.0,0.0,0.0,0.0,0.0,0.0,1.0,120.7,107.0,-4.22,-3.83,-9.79,-15.16
2,W,125,102,31,21,27,False,0.0,0.0,0.0,0.0,0.0,0.0,0.0,0.0,0.0,0.0,0.0,0.0,0.0,0.0,0.0,3.94,-0.32,-14.58,-11.82
9,W,111,85,33,21,27,False,0.0,0.0,0.0,0.0,0.0,0.0,0.0,0.0,0.0,0.0,0.0,0.0,-1.0,104.0,108.5,3.94,7.06,-8.67,-12.81
10,W,135,101,35,21,27,False,0.0,0.0,0.0,0.0,0.0,0.0,0.0,0.0,0.0,0.0,0.0,0.0,-2.0,116.5,103.5,12.0,5.98,-10.98,-10.37
13,L,101,106,36,23,27,False,0.0,0.0,0.0,0.0,0.0,0.0,0.0,0.0,0.0,0.0,0.0,0.0,-1.0,95.0,101.0,12.0,14.36,-10.98,-5.79
6,W,114,109,36,22,27,False,0.0,0.0,0.0,0.0,0.0,0.0,0.0,0.0,0.0,0.0,0.0,0.0,3.0,120.0,116.0,12.0,1.92,-9.66,-9.97
10,W,132,127,38,22,27,False,0.0,0.0,0.0,0.0,0.0,0.0,0.0,0.0,0.0,0.0,0.0,0.0,6.0,122.7,102.7,12.0,4.01,-8.97,-16.42
6,L,103,111,40,25,27,False,0.0,0.0,0.0,0.0,0.0,0.0,0.0,0.0,0.0,0.0,0.0,0.0,1.0,117.0,112.5,12.0,4.3,-10.23,-11.6
16,L,111,117,42,27,27,False,0.0,0.0,0.0,0.0,0.0,0.0,0.0,0.0,0.0,0.0,0.0,0.0,1.0,107.0,95.0,6.66,11.32,-6.62,-4.25
3,W,125,110,42,26,27,False,0.0,0.0,0.0,0.0,0.0,0.0,0.0,0.0,0.0,0.0,0.0,0.0,-1.0,99.0,107.0,4.33,7.69,-6.65,-12.86
12,W,121,92,43,26,27,False,0.0,0.0,0.0,0.0,0.0,0.0,0.0,0.0,0.0,0.0,0.0,0.0,8.0,124.0,103.0,2.34,-1.75,-9.73,-7.02
2,L,106,114,45,28,27,False,0.0,0.0,0.0,0.0,0.0,0.0,0.0,0.0,0.0,0.0,0.0,0.0,2.0,125.0,102.0,4.33,3.71,-8.09,-9.19
1,L,97,125,45,29,27,False,0.0,0.0,0.0,0.0,0.0,0.0,0.0,0.0,0.0,0.0,0.0,0.0,3.0,137.0,130.0,6.97,16.9,-9.74,-14.99
4,L,101,107,45,30,27,False,0.0,0.0,0.0,0.0,0.0,0.0,0.0,0.0,0.0,0.0,0.0,0.0,1.0,112.0,102.0,4.33,10.21,-8.52,-3.44
6,L,100,114,45,31,27,False,0.0,0.0,0.0,0.0,0.0,0.0,0.0,0.0,0.0,0.0,0.0,0.0,-1.0,112.3,112.0,-1.48,1.92,-4.37,-8.94
12,L,115,121,45,32,27,False,0.0,0.0,0.0,0.0,0.0,0.0,0.0,0.0,0.0,0.0,0.0,0.0,2.0,122.5,97.5,4.33,7.25,-8.54,-6.51
13,W,122,109,45,31,27,False,0.0,0.0,0.0,0.0,0.0,0.0,0.0,0.0,0.0,0.0,0.0,0.0,-1.0,98.0,103.5,12.0,-2.0,-10.52,-5.77
9,L,107,111,46,33,27,False,0.0,0.0,0.0,0.0,0.0,0.0,0.0,0.0,0.0,0.0,0.0,0.0,4.0,106.3,100.7,12.0,3.85,-7.61,-11.7
14,W,121,115,46,32,27,False,0.0,0.0,0.0,0.0,0.0,0.0,0.0,0.0,0.0,0.0,0.0,0.0,-4.0,113.5,119.0,12.0,1.23,-9.29,-12.24
6,W,99,93,0,0,27,True,0.0,0.0,0.0,0.0,0.0,0.0,0.0,0.0,0.0,0.0,0.0,0.0,-4.0,109.2,112.5,12.0,1.2,-7.48,-13.2
6,L,104,110,1,2,27,True,0.0,0.0,0.0,0.0,0.0,0.0,0.0,0.0,0.0,0.0,0.0,0.0,1.0,107.2,108.6,12.0,1.2,-7.48,-13.2
6,L,118,126,1,3,27,True,0.0,0.0,0.0,0.0,0.0,0.0,0.0,0.0,0.0,0.0,0.0,0.0,-1.0,104.0,107.4,12.0,1.2,-7.48,-8.63
6,W,100,99,1,2,27,True,0.0,0.0,0.0,0.0,0.0,0.0,0.0,0.0,0.0,0.0,0.0,0.0,-2.0,104.8,110.8,12.0,1.92,-7.48,-9.97
6,L,77,102,2,4,27,True,0.0,0.0,0.0,0.0,0.0,0.0,0.0,0.0,0.0,0.0,0.0,0.0,1.0,104.2,108.4,12.0,1.92,-7.48,-9.97
6,L,96,98,2,5,27,True,0.0,0.0,0.0,0.0,0.0,0.0,0.0,0.0,0.0,0.0,0.0,0.0,-1.0,99.6,106.0,12.0,1.92,-7.48,-9.97
11,W,135,134,1,0,28,False,0.0,0.0,0.0,0.0,0.0,0.0,0.0,0.0,0.0,0.0,0.0,0.0,0.0,0.0,0.0,26.09,46.45,26.41,22.59
2,L,90,104,2,2,28,False,0.0,0.0,0.0,0.0,0.0,0.0,0.0,0.0,0.0,0.0,0.0,0.0,0.0,0.0,0.0,17.74,5.53,0.87,-13.06
1,W,116,107,2,1,28,False,0.0,0.0,0.0,0.0,0.0,0.0,0.0,0.0,0.0,0.0,0.0,0.0,0.0,0.0,0.0,8.62,17.87,-4.07,-3.94
0,W,122,111,3,1,28,False,0.0,0.0,0.0,0.0,0.0,0.0,0.0,0.0,0.0,0.0,0.0,0.0,0.0,0.0,0.0,7.17,9.3,-4.18,-4.94
1,W,115,112,4,1,28,False,0.0,0.0,0.0,0.0,0.0,0.0,0.0,0.0,0.0,0.0,0.0,0.0,1.0,116.0,107.0,14.34,14.94,-4.59,-12.84
0,L,111,118,5,3,28,False,0.0,0.0,0.0,0.0,0.0,0.0,0.0,0.0,0.0,0.0,0.0,0.0,2.0,122.0,111.0,10.95,8.96,-2.24,-14.44
14,W,115,87,5,3,28,False,0.0,0.0,0.0,0.0,0.0,0.0,0.0,0.0,0.0,0.0,0.0,0.0,0.0,0.0,0.0,10.65,13.68,-4.02,-11.65
16,W,101,94,6,3,28,False,0.0,0.0,0.0,0.0,0.0,0.0,0.0,0.0,0.0,0.0,0.0,0.0,0.0,0.0,0.0,10.65,6.45,-1.37,-10.45
5,W,97,94,7,3,28,False,0.0,0.0,0.0,0.0,0.0,0.0,0.0,0.0,0.0,0.0,0.0,0.0,0.0,0.0,0.0,10.65,1.81,-4.02,-13.92
4,L,87,97,10,5,28,False,0.0,0.0,0.0,0.0,0.0,0.0,0.0,0.0,0.0,0.0,0.0,0.0,0.0,0.0,0.0,10.65,13.83,-3.65,-11.06
15,L,97,112,10,6,28,False,0.0,0.0,0.0,0.0,0.0,0.0,0.0,0.0,0.0,0.0,0.0,0.0,0.0,0.0,0.0,10.99,11.39,-16.58,-18.19
15,W,103,100,10,5,28,False,0.0,0.0,0.0,0.0,0.0,0.0,0.0,0.0,0.0,0.0,0.0,0.0,-2.0,97.0,112.0,10.65,11.39,-11.17,-12.48
4,L,103,109,11,7,28,False,0.0,0.0,0.0,0.0,0.0,0.0,0.0,0.0,0.0,0.0,0.0,0.0,-1.0,87.0,97.0,10.65,13.83,-11.17,-10.46
6,W,120,114,12,7,28,False,0.0,0.0,0.0,0.0,0.0,0.0,0.0,0.0,0.0,0.0,0.0,0.0,0.0,0.0,0.0,6.05,2.58,-6.83,-12.32
17,W,115,107,13,8,28,False,0.0,0.0,0.0,0.0,0.0,0.0,0.0,0.0,0.0,0.0,0.0,0.0,0.0,0.0,0.0,10.65,7.03,-9.48,-16.79
5,L,101,116,14,10,28,False,0.0,0.0,0.0,0.0,0.0,0.0,0.0,0.0,0.0,0.0,0.0,0.0,3.0,97.0,94.0,10.65,6.8,-6.87,-13.06
11,L,110,116,14,12,28,False,0.0,0.0,0.0,0.0,0.0,0.0,0.0,0.0,0.0,0.0,0.0,0.0,2.0,135.0,134.0,6.05,16.44,-6.83,-15.94
8,W,119,116,14,11,28,False,0.0,0.0,0.0,0.0,0.0,0.0,0.0,0.0,0.0,0.0,0.0,0.0,0.0,0.0,0.0,10.65,3.84,-6.87,-11.37
7,L,107,113,15,14,28,False,0.0,0.0,0.0,0.0,0.0,0.0,0.0,0.0,0.0,0.0,0.0,0.0,0.0,0.0,0.0,6.23,3.0,-6.75,-17.06
15,L,112,119,17,18,28,False,0.0,0.0,0.0,0.0,0.0,0.0,0.0,0.0,0.0,0.0,0.0,0.0,1.0,100.0,106.0,-0.85,-4.96,-13.32,-8.0
5,W,110,93,17,17,28,False,0.0,0.0,0.0,0.0,0.0,0.0,0.0,0.0,0.0,0.0,0.0,0.0,-1.0,99.0,105.0,4.26,-1.85,-9.81,-18.82
3,L,119,120,18,19,28,False,0.0,0.0,0.0,0.0,0.0,0.0,0.0,0.0,0.0,0.0,0.0,0.0,0.0,0.0,0.0,3.57,8.56,-16.26,-14.61
4,W,124,121,18,18,28,False,0.0,0.0,0.0,0.0,0.0,0.0,0.0,0.0,0.0,0.0,0.0,0.0,-1.0,95.0,103.0,5.94,13.83,-17.82,-10.14
10,L,111,114,19,20,28,False,0.0,0.0,0.0,0.0,0.0,0.0,0.0,0.0,0.0,0.0,0.0,0.0,0.0,0.0,0.0,5.94,5.98,-15.47,-13.66
3,L,122,130,19,21,28,False,0.0,0.0,0.0,0.0,0.0,0.0,0.0,0.0,0.0,0.0,0.0,0.0,-1.0,119.0,120.0,10.65,14.09,-10.7,-15.55
2,L,118,119,23,23,28,False,0.0,0.0,0.0,0.0,0.0,0.0,0.0,0.0,0.0,0.0,0.0,0.0,-1.0,90.0,104.0,10.65,3.19,-9.28,-9.79
1,L,87,116,23,25,28,False,0.0,0.0,0.0,0.0,0.0,0.0,0.0,0.0,0.0,0.0,0.0,0.0,3.0,115.5,109.5,10.65,16.9,-7.95,-9.49
12,L,115,116,23,26,28,False,0.0,0.0,0.0,0.0,0.0,0.0,0.0,0.0,0.0,0.0,0.0,0.0,0.0,0.0,0.0,10.65,-1.06,-7.95,-10.38
14,L,95,115,23,27,28,False,0.0,0.0,0.0,0.0,0.0,0.0,0.0,0.0,0.0,0.0,0.0,0.0,1.0,115.0,87.0,9.77,8.94,-7.47,-13.17
16,L,98,112,23,28,28,False,0.0,0.0,0.0,0.0,0.0,0.0,0.0,0.0,0.0,0.0,0.0,0.0,2.0,101.0,94.0,3.07,11.32,-7.51,-10.53
15,L,100,121,24,30,28,False,0.0,0.0,0.0,0.0,0.0,0.0,0.0,0.0,0.0,0.0,0.0,0.0,-2.0,104.0,110.3,3.07,11.39,-9.36,-14.25
2,W,113,112,24,29,28,False,0.0,0.0,0.0,0.0,0.0,0.0,0.0,0.0,0.0,0.0,0.0,0.0,-1.0,104.0,111.5,-3.2,-1.24,-18.45,-11.68
8,W,103,94,25,30,28,False,0.0,0.0,0.0,0.0,0.0,0.0,0.0,0.0,0.0,0.0,0.0,0.0,1.0,119.0,116.0,-3.2,4.13,-16.51,-10.07
11,L,108,113,26,32,28,False,0.0,0.0,0.0,0.0,0.0,0.0,0.0,0.0,0.0,0.0,0.0,0.0,-3.0,122.5,125.0,-3.2,-6.25,-15.87,-7.96
2,W,117,103,26,31,28,False,0.0,0.0,0.0,0.0,0.0,0.0,0.0,0.0,0.0,0.0,0.0,0.0,1.0,107.0,111.7,-3.2,0.94,-14.22,-12.63
5,L,86,92,27,34,28,False,0.0,0.0,0.0,0.0,0.0,0.0,0.0,0.0,0.0,0.0,0.0,0.0,1.0,102.7,101.0,-2.33,3.68,-14.89,-13.65
8,W,116,113,27,33,28,False,0.0,0.0,0.0,0.0,0.0,0.0,0.0,0.0,0.0,0.0,0.0,0.0,1.0,111.0,105.0,-2.33,4.13,-12.96,-14.2
0,L,114,117,28,35,28,False,0.0,0.0,0.0,0.0,0.0,0.0,0.0,0.0,0.0,0.0,0.0,0.0,-1.0,116.5,114.5,-2.33,2.59,-11.4,-12.25
11,W,133,123,28,34,28,False,0.0,0.0,0.0,0.0,0.0,0.0,0.0,0.0,0.0,0.0,0.0,0.0,-1.0,117.7,121.0,0.37,2.09,-10.85,-10.41
12,L,109,115,29,36,28,False,0.0,0.0,0.0,0.0,0.0,0.0,0.0,0.0,0.0,0.0,0.0,0.0,-4.0,115.0,116.0,0.37,-1.75,-10.85,-7.83
13,L,109,122,29,37,28,False,0.0,0.0,0.0,0.0,0.0,0.0,0.0,0.0,0.0,0.0,0.0,0.0,0.0,0.0,0.0,0.37,6.62,-10.85,-7.09
9,L,112,126,29,39,28,False,0.0,0.0,0.0,0.0,0.0,0.0,0.0,0.0,0.0,0.0,0.0,0.0,0.0,0.0,0.0,0.37,2.29,-10.85,-6.32
7,L,109,127,29,40,28,False,0.0,0.0,0.0,0.0,0.0,0.0,0.0,0.0,0.0,0.0,0.0,0.0,-2.0,107.0,113.0,0.37,8.53,-10.85,-15.14
13,W,127,119,29,40,28,False,0.0,0.0,0.0,0.0,0.0,0.0,0.0,0.0,0.0,0.0,0.0,0.0,-2.0,109.0,122.0,-4.83,6.62,-11.62,-7.14
10,L,97,115,30,42,28,False,0.0,0.0,0.0,0.0,0.0,0.0,0.0,0.0,0.0,0.0,0.0,0.0,-1.0,111.0,114.0,-4.83,5.98,-10.74,-11.17
16,L,102,114,30,43,28,False,0.0,0.0,0.0,0.0,0.0,0.0,0.0,0.0,0.0,0.0,0.0,0.0,-6.0,99.5,103.0,-4.83,-0.91,-12.4,-10.14
8,W,100,97,30,42,28,False,0.0,0.0,0.0,0.0,0.0,0.0,0.0,0.0,0.0,0.0,0.0,0.0,1.0,112.7,107.7,-7.71,4.13,-8.34,-13.19
9,W,123,115,31,42,28,False,0.0,0.0,0.0,0.0,0.0,0.0,0.0,0.0,0.0,0.0,0.0,0.0,-4.0,112.0,126.0,-7.71,1.16,-12.91,-12.06
3,L,94,107,32,44,28,False,0.0,0.0,0.0,0.0,0.0,0.0,0.0,0.0,0.0,0.0,0.0,0.0,-2.0,120.5,125.0,-7.71,10.21,-8.34,-13.33
6,W,135,103,33,43,28,False,0.0,0.0,0.0,0.0,0.0,0.0,0.0,0.0,0.0,0.0,0.0,0.0,2.0,120.0,114.0,-7.71,1.92,-8.34,-8.05
1,L,102,144,34,45,28,False,0.0,0.0,0.0,0.0,0.0,0.0,0.0,0.0,0.0,0.0,0.0,0.0,-3.0,106.0,111.7,-7.71,14.09,-8.34,-10.46
17,W,132,114,34,44,28,False,0.0,0.0,0.0,0.0,0.0,0.0,0.0,0.0,0.0,0.0,0.0,0.0,1.0,115.0,107.0,-7.71,9.63,-8.34,-17.51
0,L,103,118,35,46,28,False,0.0,0.0,0.0,0.0,0.0,0.0,0.0,0.0,0.0,0.0,0.0,0.0,-1.0,115.7,115.3,-7.71,2.59,-8.34,-15.6
4,L,108,124,35,48,28,False,0.0,0.0,0.0,0.0,0.0,0.0,0.0,0.0,0.0,0.0,0.0,0.0,1.0,104.7,109.0,-12.73,10.21,-15.73,-7.83
6,W,113,87,0,0,0,False,0.0,0.0,0.0,0.0,0.0,0.0,0.0,0.0,0.0,0.0,0.0,0.0,0.0,0.0,0.0,0.0,0.0,0.0,0.0
5,L,95,101,1,2,0,False,0.0,0.0,0.0,0.0,0.0,0.0,0.0,0.0,0.0,0.0,0.0,0.0,0.0,0.0,0.0,38.5,10.32,14.57,0.24
8,W,122,104,1,1,0,False,0.0,0.0,0.0,0.0,0.0,0.0,0.0,0.0,0.0,0.0,0.0,0.0,0.0,0.0,0.0,5.43,-3.37,-0.14,-1.24
2,L,108,117,4,5,0,False,0.0,0.0,0.0,0.0,0.0,0.0,0.0,0.0,0.0,0.0,0.0,0.0,0.0,0.0,0.0,8.96,7.03,-12.31,-13.78
9,L,113,127,4,8,0,False,0.0,0.0,0.0,0.0,0.0,0.0,0.0,0.0,0.0,0.0,0.0,0.0,0.0,0.0,0.0,8.96,9.78,-10.23,-10.51
7,L,96,105,4,10,0,False,0.0,0.0,0.0,0.0,0.0,0.0,0.0,0.0,0.0,0.0,0.0,0.0,0.0,0.0,0.0,8.96,8.53,-10.04,-15.69
16,W,120,100,4,9,0,False,0.0,0.0,0.0,0.0,0.0,0.0,0.0,0.0,0.0,0.0,0.0,0.0,0.0,0.0,0.0,7.54,9.34,-14.37,-11.53
1,W,110,99,6,9,0,False,0.0,0.0,0.0,0.0,0.0,0.0,0.0,0.0,0.0,0.0,0.0,0.0,0.0,0.0,0.0,7.54,11.49,-14.49,-18.31
4,W,115,105,7,9,0,False,0.0,0.0,0.0,0.0,0.0,0.0,0.0,0.0,0.0,0.0,0.0,0.0,0.0,0.0,0.0,7.54,13.83,-14.49,-3.4
14,W,132,100,10,9,0,False,0.0,0.0,0.0,0.0,0.0,0.0,0.0,0.0,0.0,0.0,0.0,0.0,0.0,0.0,0.0,7.54,14.43,-10.68,-12.0
11,W,114,111,11,10,0,False,0.0,0.0,0.0,0.0,0.0,0.0,0.0,0.0,0.0,0.0,0.0,0.0,0.0,0.0,0.0,2.54,16.44,-13.81,-14.89
4,L,127,130,12,13,0,False,0.0,0.0,0.0,0.0,0.0,0.0,0.0,0.0,0.0,0.0,0.0,0.0,4.0,115.0,105.0,2.54,6.61,-16.32,-13.43
17,W,121,110,12,12,0,False,0.0,0.0,0.0,0.0,0.0,0.0,0.0,0.0,0.0,0.0,0.0,0.0,0.0,0.0,0.0,2.54,-0.44,-10.22,-13.19
2,L,105,113,13,14,0,False,0.0,0.0,0.0,0.0,0.0,0.0,0.0,0.0,0.0,0.0,0.0,0.0,-1.0,108.0,117.0,2.54,6.4,-10.22,-9.36
10,L,126,132,13,15,0,False,0.0,0.0,0.0,0.0,0.0,0.0,0.0,0.0,0.0,0.0,0.0,0.0,0.0,0.0,0.0,2.54,-0.7,-12.3,-12.32
7,L,115,133,14,16,0,False,0.0,0.0,0.0,0.0,0.0,0.0,0.0,0.0,0.0,0.0,0.0,0.0,-6.0,96.0,105.0,2.54,8.53,-10.66,-15.47
3,L,118,130,15,19,0,False,0.0,0.0,0.0,0.0,0.0,0.0,0.0,0.0,0.0,0.0,0.0,0.0,0.0,0.0,0.0,3.1,8.15,-8.65,-19.05
3,L,117,131,15,20,0,False,0.0,0.0,0.0,0.0,0.0,0.0,0.0,0.0,0.0,0.0,0.0,0.0,-2.0,118.0,130.0,-1.05,8.15,-11.27,-16.49
5,W,121,118,15,19,0,False,0.0,0.0,0.0,0.0,0.0,0.0,0.0,0.0,0.0,0.0,0.0,0.0,-1.0,95.0,101.0,-0.23,-0.11,-6.83,-12.41
13,L,118,134,17,22,0,False,0.0,0.0,0.0,0.0,0.0,0.0,0.0,0.0,0.0,0.0,0.0,0.0,0.0,0.0,0.0,4.3,5.47,-11.83,-4.26
12,L,93,106,17,23,0,False,0.0,0.0,0.0,0.0,0.0,0.0,0.0,0.0,0.0,0.0,0.0,0.0,0.0,0.0,0.0,6.87,-1.75,-15.31,-12.69
15,L,91,115,17,24,0,False,0.0,0.0,0.0,0.0,0.0,0.0,0.0,0.0,0.0,0.0,0.0,0.0,0.0,0.0,0.0,3.62,-8.09,-12.25,-6.59
15,L,118,124,17,25,0,False,0.0,0.0,0.0,0.0,0.0,0.0,0.0,0.0,0.0,0.0,0.0,0.0,-3.0,91.0,115.0,6.66,0.21,-14.15,-6.27
16,W,121,114,17,25,0,False,0.0,0.0,0.0,0.0,0.0,0.0,0.0,0.0,0.0,0.0,0.0,0.0,1.0,120.0,100.0,6.53,10.19,-18.01,-7.54
17,W,134,122,18,25,0,False,0.0,0.0,0.0,0.0,0.0,0.0,0.0,0.0,0.0,0.0,0.0,0.0,1.0,121.0,110.0,6.53,9.8,-18.01,-14.82
15,W,110,108,19,25,0,False,0.0,0.0,0.0,0.0,0.0,0.0,0.0,0.0,0.0,0.0,0.0,0.0,-4.0,104.5,119.5,6.53,6.1,-15.07,-13.83
4,W,113,91,20,25,0,False,0.0,0.0,0.0,0.0,0.0,0.0,0.0,0.0,0.0,0.0,0.0,0.0,-2.0,121.0,117.5,7.2,10.73,-14.62,-13.34
1,W,108,92,22,25,0,False,0.0,0.0,0.0,0.0,0.0,0.0,0.0,0.0,0.0,0.0,0.0,0.0,3.0,110.0,99.0,7.2,16.9,-13.59,-12.87
13,W,129,121,23,25,0,False,0.0,0.0,0.0,0.0,0.0,0.0,0.0,0.0,0.0,0.0,0.0,0.0,-1.0,118.0,134.0,7.2,6.58,-12.68,-6.22
6,L,94,103,25,29,0,False,0.0,0.0,0.0,0.0,0.0,0.0,0.0,0.0,0.0,0.0,0.0,0.0,1.0,113.0,87.0,7.2,1.92,-12.61,-14.32
11,W,133,112,25,28,0,False,0.0,0.0,0.0,0.0,0.0,0.0,0.0,0.0,0.0,0.0,0.0,0.0,1.0,114.0,111.0,7.2,-6.35,-12.61,-8.55
1,L,95,105,26,31,0,False,0.0,0.0,0.0,0.0,0.0,0.0,0.0,0.0,0.0,0.0,0.0,0.0,6.0,109.0,95.5,2.59,16.9,-15.33,-14.06
5,W,124,116,26,30,0,False,0.0,0.0,0.0,0.0,0.0,0.0,0.0,0.0,0.0,0.0,0.0,0.0,1.0,108.0,109.5,2.59,1.62,-14.19,-10.4
3,L,108,112,28,32,0,False,0.0,0.0,0.0,0.0,0.0,0.0,0.0,0.0,0.0,0.0,0.0,0.0,-3.0,117.5,130.5,2.59,7.69,-14.63,-14.23
1,L,98,107,29,33,0,False,0.0,0.0,0.0,0.0,0.0,0.0,0.0,0.0,0.0,0.0,0.0,0.0,-2.0,104.3,98.7,2.59,16.9,-14.35,-13.62
3,W,130,124,29,32,0,False,0.0,0.0,0.0,0.0,0.0,0.0,0.0,0.0,0.0,0.0,0.0,0.0,-1.0,114.3,124.3,2.59,7.69,-16.75,-13.8
8,L,110,113,31,34,0,False,0.0,0.0,0.0,0.0,0.0,0.0,0.0,0.0,0.0,0.0,0.0,0.0,1.0,122.0,104.0,8.96,4.13,-15.46,-11.43
16,L,115,124,31,35,0,False,0.0,0.0,0.0,0.0,0.0,0.0,0.0,0.0,0.0,0.0,0.0,0.0,1.0,120.5,107.0,7.2,11.32,-13.59,-13.29
12,W,112,106,31,34,0,False,0.0,0.0,0.0,0.0,0.0,0.0,0.0,0.0,0.0,0.0,0.0,0.0,-2.0,93.0,106.0,7.2,-1.75,-12.64,-7.83
11,W,131,128,32,34,0,False,0.0,0.0,0.0,0.0,0.0,0.0,0.0,0.0,0.0,0.0,0.0,0.0,1.0,123.5,111.5,2.59,-6.57,-13.2,-9.05
4,L,106,116,34,36,0,False,0.0,0.0,0.0,0.0,0.0,0.0,0.0,0.0,0.0,0.0,0.0,0.0,4.0,118.3,108.7,2.59,10.21,-13.2,-3.44
14,W,120,105,34,35,0,False,0.0,0.0,0.0,0.0,0.0,0.0,0.0,0.0,0.0,0.0,0.0,0.0,7.0,132.0,100.0,-5.02,14.43,-14.27,-9.7
8,L,101,122,36,38,0,False,0.0,0.0,0.0,0.0,0.0,0.0,0.0,0.0,0.0,0.0,0.0,0.0,-1.0,116.0,108.5,-0.14,4.13,-11.68,-11.76
9,W,121,110,36,37,0,False,0.0,0.0,0.0,0.0,0.0,0.0,0.0,0.0,0.0,0.0,0.0,0.0,-4.0,113.0,127.0,2.59,1.16,-13.1,-12.06
11,W,132,123,37,37,0,False,0.0,0.0,0.0,0.0,0.0,0.0,0.0,0.0,0.0,0.0,0.0,0.0,2.0,126.0,117.0,-3.16,-2.18,-9.7,-9.88
5,W,131,107,39,37,0,False,0.0,0.0,0.0,0.0,0.0,0.0,0.0,0.0,0.0,0.0,0.0,0.0,1.0,113.3,111.7,-0.14,0.1,-11.29,-12.63
2,W,122,115,40,37,0,False,0.0,0.0,0.0,0.0,0.0,0.0,0.0,0.0,0.0,0.0,0.0,0.0,-1.0,106.5,115.0,-0.14,10.11,-11.5,-9.31
15,L,109,113,42,40,0,False,0.0,0.0,0.0,0.0,0.0,0.0,0.0,0.0,0.0,0.0,0.0,0.0,3.0,106.3,115.7,2.59,6.28,-15.6,-9.37
10,W,130,114,42,39,0,False,0.0,0.0,0.0,0.0,0.0,0.0,0.0,0.0,0.0,0.0,0.0,0.0,-2.0,126.0,132.0,2.59,-0.42,-15.6,-14.95
4,W,132,103,43,39,0,False,0.0,0.0,0.0,0.0,0.0,0.0,0.0,0.0,0.0,0.0,0.0,0.0,-1.0,115.2,110.5,2.59,10.21,-14.35,-8.69
5,W,107,101,44,39,0,False,0.0,0.0,0.0,0.0,0.0,0.0,0.0,0.0,0.0,0.0,0.0,0.0,4.0,117.8,110.5,2.59,9.94,-14.35,-12.6
15,L,91,115,0,2,0,True,0.0,0.0,0.0,0.0,0.0,0.0,0.0,0.0,0.0,0.0,0.0,0.0,-1.0,107.0,115.0,1.92,8.77,-12.17,-9.63
15,L,105,115,0,3,0,True,0.0,0.0,0.0,0.0,0.0,0.0,0.0,0.0,0.0,0.0,0.0,0.0,-1.0,103.8,115.0,5.41,8.77,-14.35,-9.63
15,W,111,110,0,2,0,True,0.0,0.0,0.0,0.0,0.0,0.0,0.0,0.0,0.0,0.0,0.0,0.0,-2.0,106.6,115.0,5.41,8.77,-14.35,-9.63
15,L,86,110,1,4,0,True,0.0,0.0,0.0,0.0,0.0,0.0,0.0,0.0,0.0,0.0,0.0,0.0,1.0,105.2,112.2,7.2,3.47,-13.67,-8.53
15,L,94,97,1,5,0,True,0.0,0.0,0.0,0.0,0.0,0.0,0.0,0.0,0.0,0.0,0.0,0.0,-1.0,100.4,112.6,7.2,-4.01,-13.67,-8.32
10,W,107,97,0,2,1,False,0.0,0.0,0.0,0.0,0.0,0.0,0.0,0.0,0.0,0.0,0.0,0.0,0.0,0.0,0.0,13.3,4.96,-3.02,-8.23
4,W,140,129,1,2,1,False,0.0,0.0,0.0,0.0,0.0,0.0,0.0,0.0,0.0,0.0,0.0,0.0,0.0,0.0,0.0,14.17,15.14,-6.05,-15.62
3,L,114,128,2,6,1,False,0.0,0.0,0.0,0.0,0.0,0.0,0.0,0.0,0.0,0.0,0.0,0.0,0.0,0.0,0.0,16.69,13.67,-11.45,-11.43
15,W,95,78,3,5,1,False,0.0,0.0,0.0,0.0,0.0,0.0,0.0,0.0,0.0,0.0,0.0,0.0,0.0,0.0,0.0,16.9,11.39,-14.18,-10.52
6,L,104,107,4,7,1,False,0.0,0.0,0.0,0.0,0.0,0.0,0.0,0.0,0.0,0.0,0.0,0.0,0.0,0.0,0.0,13.62,4.27,-16.7,-14.55
16,W,122,113,5,6,1,False,0.0,0.0,0.0,0.0,0.0,0.0,0.0,0.0,0.0,0.0,0.0,0.0,0.0,0.0,0.0,13.62,3.08,-15.42,-13.83
5,L,89,91,6,8,1,False,0.0,0.0,0.0,0.0,0.0,0.0,0.0,0.0,0.0,0.0,0.0,0.0,0.0,0.0,0.0,10.79,1.62,-20.24,-14.84
5,W,98,92,6,7,1,False,0.0,0.0,0.0,0.0,0.0,0.0,0.0,0.0,0.0,0.0,0.0,0.0,-1.0,89.0,91.0,13.62,1.41,-16.75,-17.43
13,W,130,108,7,8,1,False,0.0,0.0,0.0,0.0,0.0,0.0,0.0,0.0,0.0,0.0,0.0,0.0,0.0,0.0,0.0,11.49,16.64,-16.97,-5.59
10,W,108,90,9,8,1,False,0.0,0.0,0.0,0.0,0.0,0.0,0.0,0.0,0.0,0.0,0.0,0.0,1.0,107.0,97.0,16.9,4.27,-12.76,-13.37
2,L,104,123,10,10,1,False,0.0,0.0,0.0,0.0,0.0,0.0,0.0,0.0,0.0,0.0,0.0,0.0,0.0,0.0,0.0,14.77,6.4,-15.6,-12.97
13,L,102,117,13,13,1,False,0.0,0.0,0.0,0.0,0.0,0.0,0.0,0.0,0.0,0.0,0.0,0.0,1.0,130.0,108.0,13.62,14.63,-14.75,-5.59
12,L,111,114,13,14,1,False,0.0,0.0,0.0,0.0,0.0,0.0,0.0,0.0,0.0,0.0,0.0,0.0,0.0,0.0,0.0,13.62,2.55,-14.75,-3.89
16,W,117,103,13,14,1,False,0.0,0.0,0.0,0.0,0.0,0.0,0.0,0.0,0.0,0.0,0.0,0.0,2.0,122.0,113.0,16.9,11.32,-15.38,-9.1
9,L,107,111,14,16,1,False,0.0,0.0,0.0,0.0,0.0,0.0,0.0,0.0,0.0,0.0,0.0,0.0,0.0,0.0,0.0,11.74,4.5,-19.5,-13.06
5,W,111,101,15,16,1,False,0.0,0.0,0.0,0.0,0.0,0.0,0.0,0.0,0.0,0.0,0.0,0.0,1.0,93.5,91.5,11.74,-3.88,-14.29,-15.41
16,L,113,117,16,18,1,False,0.0,0.0,0.0,0.0,0.0,0.0,0.0,0.0,0.0,0.0,0.0,0.0,1.0,119.5,108.0,11.74,8.95,-15.83,-5.91
17,L,103,108,16,19,1,False,0.0,0.0,0.0,0.0,0.0,0.0,0.0,0.0,0.0,0.0,0.0,0.0,0.0,0.0,0.0,4.25,-11.95,-15.35,-22.84
12,L,82,91,16,20,1,False,0.0,0.0,0.0,0.0,0.0,0.0,0.0,0.0,0.0,0.0,0.0,0.0,-2.0,111.0,114.0,4.25,1.09,-13.77,-13.42
11,W,101,98,19,21,1,False,0.0,0.0,0.0,0.0,0.0,0.0,0.0,0.0,0.0,0.0,0.0,0.0,0.0,0.0,0.0,16.9,2.15,-14.99,-6.07
11,W,119,100,20,21,1,False,0.0,0.0,0.0,0.0,0.0,0.0,0.0,0.0,0.0,0.0,0.0,0.0,2.0,101.0,98.0,17.88,12.86,-17.09,-11.47
3,W,114,112,21,22,1,False,0.0,0.0,0.0,0.0,0.0,0.0,0.0,0.0,0.0,0.0,0.0,0.0,-3.0,114.0,128.0,17.88,-0.48,-17.09,-18.34
4,L,102,111,23,24,1,False,0.0,0.0,0.0,0.0,0.0,0.0,0.0,0.0,0.0,0.0,0.0,0.0,2.0,140.0,129.0,15.75,13.83,-17.86,-11.38
15,W,122,92,26,25,1,False,0.0,0.0,0.0,0.0,0.0,0.0,0.0,0.0,0.0,0.0,0.0,0.0,2.0,95.0,78.0,16.9,-3.65,-12.87,-5.43
4,W,113,107,27,25,1,False,0.0,0.0,0.0,0.0,0.0,0.0,0.0,0.0,0.0,0.0,0.0,0.0,-1.0,121.0,120.0,16.9,10.21,-12.87,-9.07
8,W,102,93,28,25,1,False,0.0,0.0,0.0,0.0,0.0,0.0,0.0,0.0,0.0,0.0,0.0,0.0,0.0,0.0,0.0,16.9,0.36,-11.69,-5.68
2,W,126,91,30,25,1,False,0.0,0.0,0.0,0.0,0.0,0.0,0.0,0.0,0.0,0.0,0.0,0.0,-1.0,104.0,123.0,16.9,-5.15,-11.69,-11.21
7,W,108,102,31,25,1,False,0.0,0.0,0.0,0.0,0.0,0.0,0.0,0.0,0.0,0.0,0.0,0.0,0.0,0.0,0.0,16.9,6.22,-14.06,-15.57
8,L,111,112,34,27,1,False,0.0,0.0,0.0,0.0,0.0,0.0,0.0,0.0,0.0,0.0,0.0,0.0,4.0,102.0,93.0,15.11,4.13,-18.35,-10.07
2,W,129,106,34,26,1,False,0.0,0.0,0.0,0.0,0.0,0.0,0.0,0.0,0.0,0.0,0.0,0.0,6.0,115.0,107.0,16.9,-2.52,-14.52,-9.64
8,W,113,104,35,26,1,False,0.0,0.0,0.0,0.0,0.0,0.0,0.0,0.0,0.0,0.0,0.0,0.0,-1.0,106.5,102.5,16.9,4.13,-14.61,-10.07
11,L,107,128,36,28,1,False,0.0,0.0,0.0,0.0,0.0,0.0,0.0,0.0,0.0,0.0,0.0,0.0,3.0,110.0,99.0,14.07,2.09,-12.05,-9.47
14,W,120,107,37,27,1,False,0.0,0.0,0.0,0.0,0.0,0.0,0.0,0.0,0.0,0.0,0.0,0.0,0.0,0.0,0.0,6.45,9.56,-12.31,-11.02
2,W,126,120,38,27,1,False,0.0,0.0,0.0,0.0,0.0,0.0,0.0,0.0,0.0,0.0,0.0,0.0,1.0,119.7,106.7,16.9,10.43,-12.27,-8.17
4,W,115,101,39,27,1,False,0.0,0.0,0.0,0.0,0.0,0.0,0.0,0.0,0.0,0.0,0.0,0.0,3.0,118.3,115.7,16.9,10.21,-12.27,-3.44
8,W,114,103,40,27,1,False,0.0,0.0,0.0,0.0,0.0,0.0,0.0,0.0,0.0,0.0,0.0,0.0,2.0,108.7,103.0,16.9,1.99,-11.75,-15.25
6,L,92,95,41,29,1,False,0.0,0.0,0.0,0.0,0.0,0.0,0.0,0.0,0.0,0.0,0.0,0.0,-1.0,104.0,107.0,16.9,6.82,-13.07,-13.54
9,W,110,88,41,28,1,False,0.0,0.0,0.0,0.0,0.0,0.0,0.0,0.0,0.0,0.0,0.0,0.0,-1.0,107.0,111.0,16.9,5.53,-11.5,-12.38
7,W,124,104,43,28,1,False,0.0,0.0,0.0,0.0,0.0,0.0,0.0,0.0,0.0,0.0,0.0,0.0,7.0,108.0,102.0,16.9,8.53,-12.78,-15.14
17,W,134,112,46,28,1,False,0.0,0.0,0.0,0.0,0.0,0.0,0.0,0.0,0.0,0.0,0.0,0.0,-2.0,103.0,108.0,14.07,9.8,-13.16,-18.41
15,L,98,106,47,31,1,False,0.0,0.0,0.0,0.0,0.0,0.0,0.0,0.0,0.0,0.0,0.0,0.0,2.0,108.5,85.0,14.77,8.77,-13.02,-9.11
11,W,128,123,47,30,1,False,0.0,0.0,0.0,0.0,0.0,0.0,0.0,0.0,0.0,0.0,0.0,0.0,-1.0,109.0,108.7,14.09,-6.14,-8.41,-14.3
3,W,117,94,49,30,1,False,0.0,0.0,0.0,0.0,0.0,0.0,0.0,0.0,0.0,0.0,0.0,0.0,1.0,114.0,120.0,14.09,8.98,-15.62,-13.9
16,L,121,127,50,32,1,False,0.0,0.0,0.0,0.0,0.0,0.0,0.0,0.0,0.0,0.0,0.0,0.0,-1.0,117.3,111.0,7.27,6.55,-21.94,-8.99
14,W,139,110,50,31,1,False,0.0,0.0,0.0,0.0,0.0,0.0,0.0,0.0,0.0,0.0,0.0,0.0,2.0,120.0,107.0,14.09,-7.24,-15.62,-11.63
2,W,115,114,0,0,1,True,0.0,0.0,0.0,0.0,0.0,0.0,0.0,0.0,0.0,0.0,0.0,0.0,3.0,121.2,110.0,14.09,10.43,-15.3,-8.87
2,W,114,107,1,0,1,True,0.0,0.0,0.0,0.0,0.0,0.0,0.0,0.0,0.0,0.0,0.0,0.0,1.0,120.0,110.8,14.09,10.43,-15.3,-8.87
2,W,109,103,2,0,1,True,0.0,0.0,0.0,0.0,0.0,0.0,0.0,0.0,0.0,0.0,0.0,0.0,2.0,122.0,107.6,14.09,10.43,-12.89,-8.87
2,W,116,112,3,0,1,True,0.0,0.0,0.0,0.0,0.0,0.0,0.0,0.0,0.0,0.0,0.0,0.0,3.0,118.6,110.0,14.09,10.43,-12.89,-8.87
16,L,89,101,4,2,1,True,0.0,0.0,0.0,0.0,0.0,0.0,0.0,0.0,0.0,0.0,0.0,0.0,-1.0,118.2,115.0,16.9,3.43,-14.3,-6.35
16,W,109,86,4,1,1,True,0.0,0.0,0.0,0.0,0.0,0.0,0.0,0.0,0.0,0.0,0.0,0.0,-1.0,112.4,112.2,17.24,3.43,-16.83,-6.35
16,L,101,103,5,3,1,True,0.0,0.0,0.0,0.0,0.0,0.0,0.0,0.0,0.0,0.0,0.0,0.0,1.0,109.8,106.8,16.9,4.9,-13.41,-6.73
16,W,116,108,5,2,1,True,0.0,0.0,0.0,0.0,0.0,0.0,0.0,0.0,0.0,0.0,0.0,0.0,-1.0,106.6,106.8,14.77,4.9,-14.85,-5.25
16,L,107,110,6,4,1,True,0.0,0.0,0.0,0.0,0.0,0.0,0.0,0.0,0.0,0.0,0.0,0.0,1.0,107.2,105.0,14.77,4.9,-14.85,-6.73
16,W,108,95,6,3,1,True,0.0,0.0,0.0,0.0,0.0,0.0,0.0,0.0,0.0,0.0,0.0,0.0,-1.0,104.4,101.6,14.77,4.9,-14.85,-6.73
16,W,109,81,7,3,1,True,0.0,0.0,0.0,0.0,0.0,0.0,0.0,0.0,0.0,0.0,0.0,0.0,1.0,108.2,100.4,14.77,4.9,-12.23,-6.73
15,L,107,118,8,5,1,True,0.0,0.0,0.0,0.0,0.0,0.0,0.0,0.0,0.0,0.0,0.0,0.0,-2.0,105.0,92.0,14.41,3.47,-18.65,-8.53
15,W,127,102,8,4,1,True,0.0,0.0,0.0,0.0,0.0,0.0,0.0,0.0,0.0,0.0,0.0,0.0,-1.0,105.5,98.5,16.9,3.47,-13.76,-8.53
15,L,103,109,9,6,1,True,0.0,0.0,0.0,0.0,0.0,0.0,0.0,0.0,0.0,0.0,0.0,0.0,1.0,109.8,99.2,14.09,8.77,-14.98,-9.63
15,W,102,82,9,5,1,True,0.0,0.0,0.0,0.0,0.0,0.0,0.0,0.0,0.0,0.0,0.0,0.0,-1.0,111.4,105.4,17.24,8.77,-16.85,-12.97
15,W,93,80,10,5,1,True,0.0,0.0,0.0,0.0,0.0,0.0,0.0,0.0,0.0,0.0,0.0,0.0,1.0,107.4,103.4,16.9,8.77,-14.03,-12.97
15,L,103,111,11,7,1,True,0.0,0.0,0.0,0.0,0.0,0.0,0.0,0.0,0.0,0.0,0.0,0.0,2.0,106.4,98.2,16.9,8.77,-14.03,-12.97
15,W,100,96,11,6,1,True,0.0,0.0,0.0,0.0,0.0,0.0,0.0,0.0,0.0,0.0,0.0,0.0,-1.0,105.6,96.8,16.9,8.77,-14.03,-9.63
9,W,120,108,12,6,1,True,0.0,0.0,0.0,0.0,0.0,0.0,0.0,0.0,0.0,0.0,0.0,0.0,1.0,108.5,99.5,16.9,9.65,-14.14,-9.8
9,L,88,107,13,8,1,True,0.0,0.0,0.0,0.0,0.0,0.0,0.0,0.0,0.0,0.0,0.0,0.0,2.0,112.3,102.3,16.9,9.65,-14.05,-10.31
9,W,116,100,13,7,1,True,0.0,0.0,0.0,0.0,0.0,0.0,0.0,0.0,0.0,0.0,0.0,0.0,-1.0,106.2,103.5,16.9,9.65,-14.85,-9.8
9,L,97,107,14,9,1,True,0.0,0.0,0.0,0.0,0.0,0.0,0.0,0.0,0.0,0.0,0.0,0.0,1.0,108.2,102.8,16.9,10.2,-14.85,-10.1
9,L,94,104,14,10,1,True,0.0,0.0,0.0,0.0,0.0,0.0,0.0,0.0,0.0,0.0,0.0,0.0,-1.0,106.2,102.0,16.9,10.2,-14.85,-10.1
9,L,90,103,14,11,1,True,0.0,0.0,0.0,0.0,0.0,0.0,0.0,0.0,0.0,0.0,0.0,0.0,-2.0,103.0,105.2,16.9,10.2,-14.85,-10.1
16,L,104,127,0,2,2,False,0.0,0.0,0.0,0.0,0.0,0.0,0.0,0.0,0.0,0.0,0.0,0.0,0.0,0.0,0.0,0.0,0.0,0.0,0.0
4,L,95,111,1,3,2,False,0.0,0.0,0.0,0.0,0.0,0.0,0.0,0.0,0.0,0.0,0.0,0.0,0.0,0.0,0.0,6.4,16.98,-2.81,-3.98
15,L,93,106,2,4,2,False,0.0,0.0,0.0,0.0,0.0,0.0,0.0,0.0,0.0,0.0,0.0,0.0,0.0,0.0,0.0,6.64,9.46,-14.1,-5.58
11,W,105,98,2,3,2,False,0.0,0.0,0.0,0.0,0.0,0.0,0.0,0.0,0.0,0.0,0.0,0.0,0.0,0.0,0.0,7.09,7.71,-14.79,-11.57
8,W,117,91,3,3,2,False,0.0,0.0,0.0,0.0,0.0,0.0,0.0,0.0,0.0,0.0,0.0,0.0,0.0,0.0,0.0,7.03,0.57,-14.23,-11.52
8,W,96,90,5,3,2,False,0.0,0.0,0.0,0.0,0.0,0.0,0.0,0.0,0.0,0.0,0.0,0.0,2.0,117.0,91.0,7.03,4.31,-10.25,-11.48
3,L,95,118,7,5,2,False,0.0,0.0,0.0,0.0,0.0,0.0,0.0,0.0,0.0,0.0,0.0,0.0,0.0,0.0,0.0,7.03,13.67,-13.78,-10.05
9,L,99,117,10,6,2,False,0.0,0.0,0.0,0.0,0.0,0.0,0.0,0.0,0.0,0.0,0.0,0.0,0.0,0.0,0.0,7.58,9.78,-16.92,-11.7
5,W,109,99,10,5,2,False,0.0,0.0,0.0,0.0,0.0,0.0,0.0,0.0,0.0,0.0,0.0,0.0,0.0,0.0,0.0,7.58,-6.24,-12.09,-14.11
5,W,117,112,12,5,2,False,0.0,0.0,0.0,0.0,0.0,0.0,0.0,0.0,0.0,0.0,0.0,0.0,1.0,109.0,99.0,4.43,0.57,-11.56,-15.33
17,W,110,105,15,6,2,False,0.0,0.0,0.0,0.0,0.0,0.0,0.0,0.0,0.0,0.0,0.0,0.0,0.0,0.0,0.0,6.4,0.12,-13.65,-12.47
3,L,107,111,16,8,2,False,0.0,0.0,0.0,0.0,0.0,0.0,0.0,0.0,0.0,0.0,0.0,0.0,-1.0,95.0,118.0,6.4,16.19,-14.19,-11.12
6,W,102,99,16,7,2,False,0.0,0.0,0.0,0.0,0.0,0.0,0.0,0.0,0.0,0.0,0.0,0.0,0.0,0.0,0.0,6.4,2.3,-14.19,-11.72
10,L,104,114,17,9,2,False,0.0,0.0,0.0,0.0,0.0,0.0,0.0,0.0,0.0,0.0,0.0,0.0,0.0,0.0,0.0,-5.77,-0.7,-13.86,-12.32
8,W,116,104,18,8,2,False,0.0,0.0,0.0,0.0,0.0,0.0,0.0,0.0,0.0,0.0,0.0,0.0,4.0,106.5,90.5,0.04,-1.1,-6.95,-13.67
13,W,122,115,21,9,2,False,0.0,0.0,0.0,0.0,0.0,0.0,0.0,0.0,0.0,0.0,0.0,0.0,0.0,0.0,0.0,-2.8,7.1,-5.62,-10.55
12,W,124,108,22,9,2,False,0.0,0.0,0.0,0.0,0.0,0.0,0.0,0.0,0.0,0.0,0.0,0.0,0.0,0.0,0.0,-2.8,1.09,-5.88,-15.22
12,L,116,120,23,12,2,False,0.0,0.0,0.0,0.0,0.0,0.0,0.0,0.0,0.0,0.0,0.0,0.0,2.0,124.0,108.0,9.56,-3.94,-13.64,-12.24
14,L,104,118,23,13,2,False,0.0,0.0,0.0,0.0,0.0,0.0,0.0,0.0,0.0,0.0,0.0,0.0,0.0,0.0,0.0,3.87,7.45,-12.06,-11.72
11,W,129,121,23,12,2,False,0.0,0.0,0.0,0.0,0.0,0.0,0.0,0.0,0.0,0.0,0.0,0.0,1.0,105.0,98.0,8.73,1.38,-12.29,-9.57
16,L,109,121,24,14,2,False,0.0,0.0,0.0,0.0,0.0,0.0,0.0,0.0,0.0,0.0,0.0,0.0,-1.0,104.0,127.0,8.25,6.9,-12.99,-15.74
3,W,138,112,25,14,2,False,0.0,0.0,0.0,0.0,0.0,0.0,0.0,0.0,0.0,0.0,0.0,0.0,-1.0,101.0,114.5,8.57,14.09,-10.76,-17.82
5,L,107,114,27,17,2,False,0.0,0.0,0.0,0.0,0.0,0.0,0.0,0.0,0.0,0.0,0.0,0.0,3.0,113.0,105.5,2.35,6.8,-9.92,-13.72
17,L,125,136,29,18,2,False,0.0,0.0,0.0,0.0,0.0,0.0,0.0,0.0,0.0,0.0,0.0,0.0,2.0,110.0,105.0,3.75,9.29,-12.92,-16.43
13,L,96,106,29,19,2,False,0.0,0.0,0.0,0.0,0.0,0.0,0.0,0.0,0.0,0.0,0.0,0.0,1.0,122.0,115.0,-4.61,11.41,-11.94,-3.63
7,L,118,124,29,20,2,False,0.0,0.0,0.0,0.0,0.0,0.0,0.0,0.0,0.0,0.0,0.0,0.0,0.0,0.0,0.0,-6.14,8.53,-8.72,-14.71
9,L,106,110,29,21,2,False,0.0,0.0,0.0,0.0,0.0,0.0,0.0,0.0,0.0,0.0,0.0,0.0,-1.0,99.0,117.0,-0.5,6.93,-10.16,-9.07
7,L,104,124,29,25,2,False,0.0,0.0,0.0,0.0,0.0,0.0,0.0,0.0,0.0,0.0,0.0,0.0,-3.0,118.0,124.0,0.23,8.53,-12.21,-14.71
15,L,111,115,29,28,2,False,0.0,0.0,0.0,0.0,0.0,0.0,0.0,0.0,0.0,0.0,0.0,0.0,-1.0,93.0,106.0,3.2,11.39,-15.38,-9.29
16,W,126,123,31,29,2,False,0.0,0.0,0.0,0.0,0.0,0.0,0.0,0.0,0.0,0.0,0.0,0.0,-1.0,106.5,124.0,0.79,11.32,-7.55,-14.37
15,L,107,113,32,33,2,False,0.0,0.0,0.0,0.0,0.0,0.0,0.0,0.0,0.0,0.0,0.0,0.0,-11.0,102.0,110.5,4.5,-5.26,-8.8,-8.64
4,W,132,121,32,33,2,False,0.0,0.0,0.0,0.0,0.0,0.0,0.0,0.0,0.0,0.0,0.0,0.0,-1.0,95.0,111.0,10.43,10.21,-9.42,-3.44
6,L,111,113,36,35,2,False,0.0,0.0,0.0,0.0,0.0,0.0,0.0,0.0,0.0,0.0,0.0,0.0,1.0,102.0,99.0,3.69,6.82,-11.24,-13.54
14,L,120,132,38,36,2,False,0.0,0.0,0.0,0.0,0.0,0.0,0.0,0.0,0.0,0.0,0.0,0.0,-3.0,104.0,118.0,8.22,6.1,-7.84,-10.63
15,W,110,95,38,35,2,False,0.0,0.0,0.0,0.0,0.0,0.0,0.0,0.0,0.0,0.0,0.0,0.0,-3.0,103.7,111.3,10.43,11.39,-9.42,-9.99
4,L,110,119,39,37,2,False,0.0,0.0,0.0,0.0,0.0,0.0,0.0,0.0,0.0,0.0,0.0,0.0,1.0,113.5,116.0,10.43,10.21,-8.6,-3.44
8,W,130,123,39,36,2,False,0.0,0.0,0.0,0.0,0.0,0.0,0.0,0.0,0.0,0.0,0.0,0.0,2.0,109.7,95.0,10.43,-0.48,-8.17,-11.95
16,L,119,120,40,38,2,False,0.0,0.0,0.0,0.0,0.0,0.0,0.0,0.0,0.0,0.0,0.0,0.0,1.0,113.0,123.7,10.43,6.55,-8.17,-5.7
10,W,118,105,40,38,2,False,0.0,0.0,0.0,0.0,0.0,0.0,0.0,0.0,0.0,0.0,0.0,0.0,-1.0,104.0,114.0,9.62,-0.42,-6.09,-18.41
5,W,118,107,42,38,2,False,0.0,0.0,0.0,0.0,0.0,0.0,0.0,0.0,0.0,0.0,0.0,0.0,-1.0,111.0,108.3,10.43,7.22,-7.65,-13.02
11,W,134,126,43,38,2,False,0.0,0.0,0.0,0.0,0.0,0.0,0.0,0.0,0.0,0.0,0.0,0.0,1.0,117.0,109.5,8.22,-4.15,-6.26,-7.16
5,W,115,108,44,38,2,False,0.0,0.0,0.0,0.0,0.0,0.0,0.0,0.0,0.0,0.0,0.0,0.0,3.0,112.8,108.0,10.43,7.22,-8.87,-13.92
11,W,123,122,0,0,4,False,0.0,0.0,0.0,0.0,0.0,0.0,0.0,0.0,0.0,0.0,0.0,0.0,0.0,0.0,0.0,0.0,0.0,0.0,0.0
5,W,123,112,1,0,4,False,0.0,0.0,0.0,0.0,0.0,0.0,0.0,0.0,0.0,0.0,0.0,0.0,0.0,0.0,0.0,46.68,37.71,23.78,21.12
15,L,99,114,4,3,4,False,0.0,0.0,0.0,0.0,0.0,0.0,0.0,0.0,0.0,0.0,0.0,0.0,0.0,0.0,0.0,14.76,10.68,-8.21,-9.85
5,L,110,113,5,4,4,False,0.0,0.0,0.0,0.0,0.0,0.0,0.0,0.0,0.0,0.0,0.0,0.0,2.0,123.0,112.0,13.15,10.44,-10.1,-16.31
9,L,92,114,5,5,4,False,0.0,0.0,0.0,0.0,0.0,0.0,0.0,0.0,0.0,0.0,0.0,0.0,0.0,0.0,0.0,14.52,9.78,-9.39,-8.11
12,L,106,120,5,7,4,False,0.0,0.0,0.0,0.0,0.0,0.0,0.0,0.0,0.0,0.0,0.0,0.0,0.0,0.0,0.0,13.83,7.38,-10.48,-7.39
13,L,123,126,5,8,4,False,0.0,0.0,0.0,0.0,0.0,0.0,0.0,0.0,0.0,0.0,0.0,0.0,0.0,0.0,0.0,13.83,4.23,-10.45,-2.0
14,W,118,108,5,7,4,False,0.0,0.0,0.0,0.0,0.0,0.0,0.0,0.0,0.0,0.0,0.0,0.0,0.0,0.0,0.0,13.83,13.68,-10.45,-13.28
9,W,106,102,7,7,4,False,0.0,0.0,0.0,0.0,0.0,0.0,0.0,0.0,0.0,0.0,0.0,0.0,-2.0,92.0,114.0,13.83,9.78,-9.04,-11.7
11,W,121,118,9,7,4,False,0.0,0.0,0.0,0.0,0.0,0.0,0.0,0.0,0.0,0.0,0.0,0.0,1.0,123.0,122.0,13.83,16.44,-3.04,-11.1
17,W,133,115,12,8,4,False,0.0,0.0,0.0,0.0,0.0,0.0,0.0,0.0,0.0,0.0,0.0,0.0,0.0,0.0,0.0,12.62,9.29,-10.46,-16.55
10,L,143,146,13,10,4,False,0.0,0.0,0.0,0.0,0.0,0.0,0.0,0.0,0.0,0.0,0.0,0.0,0.0,0.0,0.0,12.62,3.44,-10.46,-12.12
3,L,119,133,13,11,4,False,0.0,0.0,0.0,0.0,0.0,0.0,0.0,0.0,0.0,0.0,0.0,0.0,0.0,0.0,0.0,8.78,13.67,-7.71,-13.82
16,L,125,127,13,12,4,False,0.0,0.0,0.0,0.0,0.0,0.0,0.0,0.0,0.0,0.0,0.0,0.0,0.0,0.0,0.0,12.62,11.32,-7.72,-8.83
6,L,96,120,15,15,4,False,0.0,0.0,0.0,0.0,0.0,0.0,0.0,0.0,0.0,0.0,0.0,0.0,0.0,0.0,0.0,5.98,-0.8,-14.16,-12.52
7,W,115,107,16,17,4,False,0.0,0.0,0.0,0.0,0.0,0.0,0.0,0.0,0.0,0.0,0.0,0.0,0.0,0.0,0.0,13.83,2.74,-8.09,-14.53
10,W,123,99,17,17,4,False,0.0,0.0,0.0,0.0,0.0,0.0,0.0,0.0,0.0,0.0,0.0,0.0,-1.0,143.0,146.0,6.51,-5.67,-11.45,-6.15
11,W,116,108,18,17,4,False,0.0,0.0,0.0,0.0,0.0,0.0,0.0,0.0,0.0,0.0,0.0,0.0,5.0,122.0,120.0,6.51,11.47,-11.45,-17.77
8,W,140,111,19,19,4,False,0.0,0.0,0.0,0.0,0.0,0.0,0.0,0.0,0.0,0.0,0.0,0.0,0.0,0.0,0.0,13.83,-1.75,-9.26,-16.81
16,W,114,106,20,19,4,False,0.0,0.0,0.0,0.0,0.0,0.0,0.0,0.0,0.0,0.0,0.0,0.0,-3.0,125.0,127.0,13.83,6.9,-10.28,-16.12
16,W,103,99,21,19,4,False,0.0,0.0,0.0,0.0,0.0,0.0,0.0,0.0,0.0,0.0,0.0,0.0,2.0,119.5,116.5,13.83,6.9,-12.73,-11.84
11,W,158,126,26,22,4,False,0.0,0.0,0.0,0.0,0.0,0.0,0.0,0.0,0.0,0.0,0.0,0.0,3.0,120.0,116.0,10.73,-0.95,-13.47,-13.51
13,W,117,114,27,22,4,False,0.0,0.0,0.0,0.0,0.0,0.0,0.0,0.0,0.0,0.0,0.0,0.0,-5.0,123.0,126.0,10.73,-3.66,-9.51,-1.99
12,L,90,115,28,24,4,False,0.0,0.0,0.0,0.0,0.0,0.0,0.0,0.0,0.0,0.0,0.0,0.0,-4.0,106.0,120.0,10.73,-1.45,-9.51,-10.38
5,L,101,102,28,26,4,False,0.0,0.0,0.0,0.0,0.0,0.0,0.0,0.0,0.0,0.0,0.0,0.0,-1.0,116.5,112.5,13.83,-0.11,-6.28,-15.17
15,L,86,104,28,27,4,False,0.0,0.0,0.0,0.0,0.0,0.0,0.0,0.0,0.0,0.0,0.0,0.0,-1.0,99.0,114.0,13.83,11.39,-6.28,-10.04
3,L,109,121,28,29,4,False,0.0,0.0,0.0,0.0,0.0,0.0,0.0,0.0,0.0,0.0,0.0,0.0,-2.0,119.0,133.0,12.43,8.15,-12.8,-15.45
8,W,141,119,28,28,4,False,0.0,0.0,0.0,0.0,0.0,0.0,0.0,0.0,0.0,0.0,0.0,0.0,1.0,140.0,111.0,12.43,4.13,-12.81,-12.5
14,L,118,125,29,30,4,False,0.0,0.0,0.0,0.0,0.0,0.0,0.0,0.0,0.0,0.0,0.0,0.0,1.0,118.0,108.0,12.43,9.56,-12.81,-10.51
17,L,120,126,29,31,4,False,0.0,0.0,0.0,0.0,0.0,0.0,0.0,0.0,0.0,0.0,0.0,0.0,3.0,133.0,115.0,10.21,9.8,-10.96,-15.23
15,L,107,111,29,32,4,False,0.0,0.0,0.0,0.0,0.0,0.0,0.0,0.0,0.0,0.0,0.0,0.0,-4.0,92.5,109.0,10.21,11.39,-10.96,-15.63
8,L,126,127,30,33,4,False,0.0,0.0,0.0,0.0,0.0,0.0,0.0,0.0,0.0,0.0,0.0,0.0,1.0,140.5,115.0,10.21,4.13,-4.43,-9.23
16,L,106,130,30,34,4,False,0.0,0.0,0.0,0.0,0.0,0.0,0.0,0.0,0.0,0.0,0.0,0.0,3.0,114.0,110.7,10.21,11.32,-6.73,-13.84
5,W,119,98,30,33,4,False,0.0,0.0,0.0,0.0,0.0,0.0,0.0,0.0,0.0,0.0,0.0,0.0,-3.0,111.3,109.0,10.21,6.8,-5.99,-13.25
6,W,129,108,35,35,4,False,0.0,0.0,0.0,0.0,0.0,0.0,0.0,0.0,0.0,0.0,0.0,0.0,-1.0,96.0,120.0,10.21,2.78,-3.44,-14.47
7,L,109,113,39,38,4,False,0.0,0.0,0.0,0.0,0.0,0.0,0.0,0.0,0.0,0.0,0.0,0.0,1.0,115.0,107.0,10.21,8.53,-3.44,-14.89
15,L,115,144,40,40,4,False,0.0,0.0,0.0,0.0,0.0,0.0,0.0,0.0,0.0,0.0,0.0,0.0,-3.0,97.3,109.7,10.21,3.47,-6.36,-10.23
3,W,133,117,41,39,4,False,0.0,0.0,0.0,0.0,0.0,0.0,0.0,0.0,0.0,0.0,0.0,0.0,-6.0,114.0,127.0,10.21,9.44,-10.31,-14.15
8,W,94,88,0,0,3,False,0.0,0.0,0.0,0.0,0.0,0.0,0.0,0.0,0.0,0.0,0.0,0.0,0.0,0.0,0.0,0.0,0.0,0.0,0.0
8,W,97,82,2,0,3,False,0.0,0.0,0.0,0.0,0.0,0.0,0.0,0.0,0.0,0.0,0.0,0.0,1.0,94.0,88.0,16.79,29.0,-7.03,21.61
6,W,117,107,7,3,3,False,0.0,0.0,0.0,0.0,0.0,0.0,0.0,0.0,0.0,0.0,0.0,0.0,0.0,0.0,0.0,13.67,4.92,-13.85,-14.17
9,L,93,119,8,5,3,False,0.0,0.0,0.0,0.0,0.0,0.0,0.0,0.0,0.0,0.0,0.0,0.0,0.0,0.0,0.0,6.7,9.78,-13.41,-14.36
12,W,100,90,8,4,3,False,0.0,0.0,0.0,0.0,0.0,0.0,0.0,0.0,0.0,0.0,0.0,0.0,0.0,0.0,0.0,9.22,7.38,-11.15,-8.48
13,W,121,103,9,4,3,False,0.0,0.0,0.0,0.0,0.0,0.0,0.0,0.0,0.0,0.0,0.0,0.0,0.0,0.0,0.0,9.22,16.15,-11.15,-7.31
7,W,114,108,10,5,3,False,0.0,0.0,0.0,0.0,0.0,0.0,0.0,0.0,0.0,0.0,0.0,0.0,0.0,0.0,0.0,9.22,-0.04,-12.59,-16.39
11,L,77,109,12,7,3,False,0.0,0.0,0.0,0.0,0.0,0.0,0.0,0.0,0.0,0.0,0.0,0.0,0.0,0.0,0.0,5.74,12.86,-11.2,-10.29
10,L,113,118,12,8,3,False,0.0,0.0,0.0,0.0,0.0,0.0,0.0,0.0,0.0,0.0,0.0,0.0,0.0,0.0,0.0,13.67,5.98,-8.87,-11.66
15,L,104,107,13,9,3,False,0.0,0.0,0.0,0.0,0.0,0.0,0.0,0.0,0.0,0.0,0.0,0.0,0.0,0.0,0.0,13.67,11.39,-13.82,-12.48
7,W,109,97,16,8,3,False,0.0,0.0,0.0,0.0,0.0,0.0,0.0,0.0,0.0,0.0,0.0,0.0,1.0,114.0,108.0,6.4,8.53,-10.79,-11.45
5,L,92,115,17,10,3,False,0.0,0.0,0.0,0.0,0.0,0.0,0.0,0.0,0.0,0.0,0.0,0.0,0.0,0.0,0.0,6.4,6.8,-13.51,-13.71
15,L,92,118,17,11,3,False,0.0,0.0,0.0,0.0,0.0,0.0,0.0,0.0,0.0,0.0,0.0,0.0,-1.0,104.0,107.0,8.98,-3.73,-12.94,-13.92
13,W,115,110,17,10,3,False,0.0,0.0,0.0,0.0,0.0,0.0,0.0,0.0,0.0,0.0,0.0,0.0,2.0,121.0,103.0,9.14,11.71,-11.91,3.08
10,W,133,118,18,10,3,False,0.0,0.0,0.0,0.0,0.0,0.0,0.0,0.0,0.0,0.0,0.0,0.0,-2.0,113.0,118.0,9.14,-0.7,-17.68,-11.75
11,W,113,105,19,10,3,False,0.0,0.0,0.0,0.0,0.0,0.0,0.0,0.0,0.0,0.0,0.0,0.0,-1.0,77.0,109.0,8.15,11.47,-19.16,-17.81
11,W,108,106,22,10,3,False,0.0,0.0,0.0,0.0,0.0,0.0,0.0,0.0,0.0,0.0,0.0,0.0,3.0,95.0,107.0,8.15,3.36,-13.72,-9.72
6,L,99,113,26,12,3,False,0.0,0.0,0.0,0.0,0.0,0.0,0.0,0.0,0.0,0.0,0.0,0.0,2.0,117.0,107.0,14.09,2.78,-15.52,-13.43
8,W,133,87,26,11,3,False,0.0,0.0,0.0,0.0,0.0,0.0,0.0,0.0,0.0,0.0,0.0,0.0,3.0,95.5,85.0,14.09,-1.1,-17.82,-9.48
9,L,96,138,27,14,3,False,0.0,0.0,0.0,0.0,0.0,0.0,0.0,0.0,0.0,0.0,0.0,0.0,-1.0,93.0,119.0,13.02,7.06,-18.4,-11.21
14,L,106,119,27,16,3,False,0.0,0.0,0.0,0.0,0.0,0.0,0.0,0.0,0.0,0.0,0.0,0.0,0.0,0.0,0.0,-0.48,9.56,-12.96,-12.06
5,W,117,104,27,15,3,False,0.0,0.0,0.0,0.0,0.0,0.0,0.0,0.0,0.0,0.0,0.0,0.0,-1.0,92.0,115.0,-0.48,6.8,-12.98,-13.72
16,L,90,94,28,17,3,False,0.0,0.0,0.0,0.0,0.0,0.0,0.0,0.0,0.0,0.0,0.0,0.0,0.0,0.0,0.0,-1.16,10.19,-12.41,-7.57
11,W,122,115,32,19,3,False,0.0,0.0,0.0,0.0,0.0,0.0,0.0,0.0,0.0,0.0,0.0,0.0,6.0,99.3,106.7,-0.0,-0.77,-15.47,-9.6
17,W,134,122,34,21,3,False,0.0,0.0,0.0,0.0,0.0,0.0,0.0,0.0,0.0,0.0,0.0,0.0,0.0,0.0,0.0,7.69,9.8,-15.22,-15.23
14,L,110,116,39,23,3,False,0.0,0.0,0.0,0.0,0.0,0.0,0.0,0.0,0.0,0.0,0.0,0.0,-4.0,106.0,119.0,7.69,9.56,-14.23,-11.88
15,L,99,112,39,24,3,False,0.0,0.0,0.0,0.0,0.0,0.0,0.0,0.0,0.0,0.0,0.0,0.0,-2.0,98.0,112.5,7.69,6.1,-14.23,-9.58
16,L,112,118,39,26,3,False,0.0,0.0,0.0,0.0,0.0,0.0,0.0,0.0,0.0,0.0,0.0,0.0,-1.0,90.0,94.0,7.09,11.32,-13.8,-13.84
8,W,114,108,39,26,3,False,0.0,0.0,0.0,0.0,0.0,0.0,0.0,0.0,0.0,0.0,0.0,0.0,1.0,108.0,85.7,7.69,1.99,-14.23,-13.94
5,W,101,91,40,26,3,False,0.0,0.0,0.0,0.0,0.0,0.0,0.0,0.0,0.0,0.0,0.0,0.0,1.0,104.5,109.5,-0.03,-0.12,-11.95,-15.43
16,L,98,126,42,31,3,False,0.0,0.0,0.0,0.0,0.0,0.0,0.0,0.0,0.0,0.0,0.0,0.0,-4.0,101.0,106.0,11.34,4.56,-14.04,-5.83
5,W,98,94,42,31,3,False,0.0,0.0,0.0,0.0,0.0,0.0,0.0,0.0,0.0,0.0,0.0,0.0,2.0,103.3,103.3,10.21,7.22,-13.33,-13.29
12,W,135,130,44,32,3,False,0.0,0.0,0.0,0.0,0.0,0.0,0.0,0.0,0.0,0.0,0.0,0.0,1.0,100.0,90.0,10.21,7.25,-13.33,-6.51
15,L,109,127,45,34,3,False,0.0,0.0,0.0,0.0,0.0,0.0,0.0,0.0,0.0,0.0,0.0,0.0,-2.0,98.3,112.3,10.21,8.77,-13.33,-9.63
16,L,106,127,45,35,3,False,0.0,0.0,0.0,0.0,0.0,0.0,0.0,0.0,0.0,0.0,0.0,0.0,-1.0,100.0,112.7,4.46,6.55,-15.09,-5.7
17,W,124,120,45,36,3,False,0.0,0.0,0.0,0.0,0.0,0.0,0.0,0.0,0.0,0.0,0.0,0.0,2.0,134.0,122.0,-11.57,0.01,-14.57,-17.47
16,L,86,93,0,2,3,True,0.0,0.0,0.0,0.0,0.0,0.0,0.0,0.0,0.0,0.0,0.0,0.0,-2.0,101.5,116.2,12.63,6.55,-14.7,-6.35
16,W,114,110,0,1,3,True,0.0,0.0,0.0,0.0,0.0,0.0,0.0,0.0,0.0,0.0,0.0,0.0,-1.0,98.4,111.6,12.63,6.55,-14.7,-5.53
16,L,81,111,1,3,3,True,0.0,0.0,0.0,0.0,0.0,0.0,0.0,0.0,0.0,0.0,0.0,0.0,1.0,103.2,114.8,12.63,3.43,-14.7,-6.35
16,L,95,119,1,4,3,True,0.0,0.0,0.0,0.0,0.0,0.0,0.0,0.0,0.0,0.0,0.0,0.0,-1.0,97.0,113.4,12.63,3.43,-12.68,-6.35
16,L,100,116,1,5,3,True,0.0,0.0,0.0,0.0,0.0,0.0,0.0,0.0,0.0,0.0,0.0,0.0,-2.0,96.4,112.0,1.94,3.43,-16.68,-6.35
14,L,121,132,0,2,5,False,0.0,0.0,0.0,0.0,0.0,0.0,0.0,0.0,0.0,0.0,0.0,0.0,0.0,0.0,0.0,0.0,0.0,0.0,0.0
7,W,99,87,1,2,5,False,0.0,0.0,0.0,0.0,0.0,0.0,0.0,0.0,0.0,0.0,0.0,0.0,0.0,0.0,0.0,16.4,13.98,1.79,-11.06
12,W,92,79,2,2,5,False,0.0,0.0,0.0,0.0,0.0,0.0,0.0,0.0,0.0,0.0,0.0,0.0,0.0,0.0,0.0,10.49,8.41,-12.64,1.44
13,L,101,113,3,4,5,False,0.0,0.0,0.0,0.0,0.0,0.0,0.0,0.0,0.0,0.0,0.0,0.0,0.0,0.0,0.0,10.48,12.2,-12.33,-6.62
8,W,98,78,7,5,5,False,0.0,0.0,0.0,0.0,0.0,0.0,0.0,0.0,0.0,0.0,0.0,0.0,0.0,0.0,0.0,1.62,3.84,-17.87,-11.37
9,L,89,104,9,9,5,False,0.0,0.0,0.0,0.0,0.0,0.0,0.0,0.0,0.0,0.0,0.0,0.0,0.0,0.0,0.0,-5.11,9.78,-14.39,-13.62
6,W,114,96,10,10,5,False,0.0,0.0,0.0,0.0,0.0,0.0,0.0,0.0,0.0,0.0,0.0,0.0,0.0,0.0,0.0,6.8,1.29,-13.06,-10.57
15,W,111,85,11,10,5,False,0.0,0.0,0.0,0.0,0.0,0.0,0.0,0.0,0.0,0.0,0.0,0.0,0.0,0.0,0.0,6.8,4.25,-13.06,-18.63
16,L,104,112,13,13,5,False,0.0,0.0,0.0,0.0,0.0,0.0,0.0,0.0,0.0,0.0,0.0,0.0,0.0,0.0,0.0,6.8,11.32,-12.42,-0.02
17,W,123,106,14,12,5,False,0.0,0.0,0.0,0.0,0.0,0.0,0.0,0.0,0.0,0.0,0.0,0.0,0.0,0.0,0.0,6.8,4.32,-14.55,-15.3
15,W,105,94,16,12,5,False,0.0,0.0,0.0,0.0,0.0,0.0,0.0,0.0,0.0,0.0,0.0,0.0,3.0,111.0,85.0,6.8,-3.73,-14.79,-13.88
10,W,124,89,17,12,5,False,0.0,0.0,0.0,0.0,0.0,0.0,0.0,0.0,0.0,0.0,0.0,0.0,0.0,0.0,0.0,0.57,-9.47,-14.28,-14.16
16,W,119,90,18,12,5,False,0.0,0.0,0.0,0.0,0.0,0.0,0.0,0.0,0.0,0.0,0.0,0.0,-2.0,104.0,112.0,-2.4,-9.36,-13.82,0.93
11,W,108,104,20,16,5,False,0.0,0.0,0.0,0.0,0.0,0.0,0.0,0.0,0.0,0.0,0.0,0.0,0.0,0.0,0.0,-0.11,-2.02,-7.31,-10.36
14,L,106,110,21,18,5,False,0.0,0.0,0.0,0.0,0.0,0.0,0.0,0.0,0.0,0.0,0.0,0.0,-1.0,121.0,132.0,3.84,7.45,-13.36,-14.79
9,L,82,96,22,19,5,False,0.0,0.0,0.0,0.0,0.0,0.0,0.0,0.0,0.0,0.0,0.0,0.0,-3.0,89.0,104.0,3.84,10.87,-13.58,-11.01
16,W,115,99,29,19,5,False,0.0,0.0,0.0,0.0,0.0,0.0,0.0,0.0,0.0,0.0,0.0,0.0,6.0,111.5,101.0,1.62,10.99,-13.24,-7.64
8,L,105,115,30,21,5,False,0.0,0.0,0.0,0.0,0.0,0.0,0.0,0.0,0.0,0.0,0.0,0.0,1.0,98.0,78.0,1.62,-0.81,-13.24,-9.16
10,L,104,115,31,22,5,False,0.0,0.0,0.0,0.0,0.0,0.0,0.0,0.0,0.0,0.0,0.0,0.0,5.0,124.0,89.0,-0.11,5.98,-15.17,-12.15
11,W,98,85,32,21,5,False,0.0,0.0,0.0,0.0,0.0,0.0,0.0,0.0,0.0,0.0,0.0,0.0,1.0,108.0,104.0,-1.51,5.61,-14.81,-14.57
11,W,120,113,34,21,5,False,0.0,0.0,0.0,0.0,0.0,0.0,0.0,0.0,0.0,0.0,0.0,0.0,2.0,103.0,94.5,2.3,1.13,-13.24,-14.62
8,L,103,106,35,25,5,False,0.0,0.0,0.0,0.0,0.0,0.0,0.0,0.0,0.0,0.0,0.0,0.0,-1.0,101.5,96.5,2.79,4.13,-11.94,-11.5
17,L,122,127,36,26,5,False,0.0,0.0,0.0,0.0,0.0,0.0,0.0,0.0,0.0,0.0,0.0,0.0,2.0,123.0,106.0,3.68,9.8,-13.65,-14.19
11,W,127,124,37,27,5,False,0.0,0.0,0.0,0.0,0.0,0.0,0.0,0.0,0.0,0.0,0.0,0.0,4.0,108.7,100.7,0.86,2.09,-11.8,-10.41
15,L,105,117,38,29,5,False,0.0,0.0,0.0,0.0,0.0,0.0,0.0,0.0,0.0,0.0,0.0,0.0,4.0,108.0,89.5,0.86,11.39,-13.31,-10.81
12,W,120,111,38,29,5,False,0.0,0.0,0.0,0.0,0.0,0.0,0.0,0.0,0.0,0.0,0.0,0.0,3.0,92.0,79.0,1.12,-2.27,-10.22,-7.39
7,W,119,116,39,30,5,False,0.0,0.0,0.0,0.0,0.0,0.0,0.0,0.0,0.0,0.0,0.0,0.0,2.0,99.0,87.0,1.12,8.53,-10.22,-15.14
8,W,113,109,40,30,5,False,0.0,0.0,0.0,0.0,0.0,0.0,0.0,0.0,0.0,0.0,0.0,0.0,-3.0,102.0,99.7,1.12,4.13,-10.22,-14.96
13,L,120,131,41,32,5,False,0.0,0.0,0.0,0.0,0.0,0.0,0.0,0.0,0.0,0.0,0.0,0.0,-1.0,101.0,113.0,1.12,0.62,-10.22,-5.81
6,L,112,120,42,35,5,False,0.0,0.0,0.0,0.0,0.0,0.0,0.0,0.0,0.0,0.0,0.0,0.0,2.0,114.0,96.0,0.1,1.92,-12.63,-10.81
16,W,133,115,43,38,5,False,0.0,0.0,0.0,0.0,0.0,0.0,0.0,0.0,0.0,0.0,0.0,0.0,3.0,112.7,100.3,7.22,-8.47,-13.72,-5.09
10,W,116,106,1,1,6,False,0.0,0.0,0.0,0.0,0.0,0.0,0.0,0.0,0.0,0.0,0.0,0.0,0.0,0.0,0.0,8.3,7.04,-5.41,-13.15
7,L,75,106,3,3,6,False,0.0,0.0,0.0,0.0,0.0,0.0,0.0,0.0,0.0,0.0,0.0,0.0,0.0,0.0,0.0,5.19,12.16,-6.28,-3.76
15,L,110,125,4,4,6,False,0.0,0.0,0.0,0.0,0.0,0.0,0.0,0.0,0.0,0.0,0.0,0.0,0.0,0.0,0.0,4.55,11.39,-13.05,-6.24
7,W,111,101,8,4,6,False,0.0,0.0,0.0,0.0,0.0,0.0,0.0,0.0,0.0,0.0,0.0,0.0,-1.0,75.0,106.0,4.92,1.91,-14.46,-11.17
12,L,91,97,9,8,6,False,0.0,0.0,0.0,0.0,0.0,0.0,0.0,0.0,0.0,0.0,0.0,0.0,0.0,0.0,0.0,1.82,3.39,-15.15,-9.09
12,W,112,104,9,7,6,False,0.0,0.0,0.0,0.0,0.0,0.0,0.0,0.0,0.0,0.0,0.0,0.0,-3.0,91.0,97.0,2.58,6.33,-12.49,-10.16
14,L,90,97,11,12,6,False,0.0,0.0,0.0,0.0,0.0,0.0,0.0,0.0,0.0,0.0,0.0,0.0,0.0,0.0,0.0,-2.84,6.1,-16.55,-10.62
14,W,104,96,11,12,6,False,0.0,0.0,0.0,0.0,0.0,0.0,0.0,0.0,0.0,0.0,0.0,0.0,-2.0,90.0,97.0,2.3,6.1,-10.45,-14.6
11,L,93,106,12,14,6,False,0.0,0.0,0.0,0.0,0.0,0.0,0.0,0.0,0.0,0.0,0.0,0.0,0.0,0.0,0.0,2.3,16.44,-10.45,-16.08
13,L,104,107,14,15,6,False,0.0,0.0,0.0,0.0,0.0,0.0,0.0,0.0,0.0,0.0,0.0,0.0,0.0,0.0,0.0,-0.8,10.77,-12.52,-2.77
17,L,105,111,14,16,6,False,0.0,0.0,0.0,0.0,0.0,0.0,0.0,0.0,0.0,0.0,0.0,0.0,0.0,0.0,0.0,1.82,4.73,-17.07,-16.52
17,W,114,102,14,15,6,False,0.0,0.0,0.0,0.0,0.0,0.0,0.0,0.0,0.0,0.0,0.0,0.0,-2.0,105.0,111.0,-6.33,1.66,-19.52,-15.44
16,L,95,102,15,17,6,False,0.0,0.0,0.0,0.0,0.0,0.0,0.0,0.0,0.0,0.0,0.0,0.0,0.0,0.0,0.0,-6.33,2.8,2.28,-8.75
7,W,103,89,18,18,6,False,0.0,0.0,0.0,0.0,0.0,0.0,0.0,0.0,0.0,0.0,0.0,0.0,2.0,93.0,103.5,2.78,3.35,-12.76,-13.64
9,W,99,82,19,18,6,False,0.0,0.0,0.0,0.0,0.0,0.0,0.0,0.0,0.0,0.0,0.0,0.0,0.0,0.0,0.0,2.78,4.64,-12.76,-12.24
10,W,130,106,20,18,6,False,0.0,0.0,0.0,0.0,0.0,0.0,0.0,0.0,0.0,0.0,0.0,0.0,2.0,116.0,106.0,-2.84,5.98,-13.63,-14.07
14,W,112,85,22,19,6,False,0.0,0.0,0.0,0.0,0.0,0.0,0.0,0.0,0.0,0.0,0.0,0.0,1.0,97.0,96.5,2.78,5.84,-13.25,-10.01
14,W,104,91,26,20,6,False,0.0,0.0,0.0,0.0,0.0,0.0,0.0,0.0,0.0,0.0,0.0,0.0,1.0,102.0,92.7,5.1,3.42,-11.98,-15.96
9,L,92,130,27,22,6,False,0.0,0.0,0.0,0.0,0.0,0.0,0.0,0.0,0.0,0.0,0.0,0.0,4.0,99.0,82.0,5.1,6.93,-12.0,-12.17
11,W,132,105,28,21,6,False,0.0,0.0,0.0,0.0,0.0,0.0,0.0,0.0,0.0,0.0,0.0,0.0,-1.0,93.0,106.0,5.1,7.83,-13.84,-12.7
8,W,116,86,31,23,6,False,0.0,0.0,0.0,0.0,0.0,0.0,0.0,0.0,0.0,0.0,0.0,0.0,0.0,0.0,0.0,1.92,0.36,-14.32,-5.68
12,W,112,105,32,23,6,False,0.0,0.0,0.0,0.0,0.0,0.0,0.0,0.0,0.0,0.0,0.0,0.0,1.0,101.5,100.5,1.92,3.36,-13.6,-6.39
12,L,97,99,33,25,6,False,0.0,0.0,0.0,0.0,0.0,0.0,0.0,0.0,0.0,0.0,0.0,0.0,4.0,105.0,102.0,1.92,2.55,-14.0,-9.16
15,W,107,99,33,24,6,False,0.0,0.0,0.0,0.0,0.0,0.0,0.0,0.0,0.0,0.0,0.0,0.0,-1.0,110.0,125.0,-0.65,11.39,-8.2,-15.64
9,W,107,101,35,25,6,False,0.0,0.0,0.0,0.0,0.0,0.0,0.0,0.0,0.0,0.0,0.0,0.0,-1.0,95.5,106.0,1.92,-0.85,-9.05,-10.43
13,W,109,104,36,25,6,False,0.0,0.0,0.0,0.0,0.0,0.0,0.0,0.0,0.0,0.0,0.0,0.0,-1.0,104.0,107.0,1.92,6.62,-7.74,-3.96
9,W,122,113,37,25,6,False,0.0,0.0,0.0,0.0,0.0,0.0,0.0,0.0,0.0,0.0,0.0,0.0,1.0,99.3,104.3,1.92,4.3,-8.23,-10.53
10,W,113,100,40,26,6,False,0.0,0.0,0.0,0.0,0.0,0.0,0.0,0.0,0.0,0.0,0.0,0.0,5.0,123.0,106.0,-0.06,-1.0,-10.43,-12.92
17,W,110,108,43,28,6,False,0.0,0.0,0.0,0.0,0.0,0.0,0.0,0.0,0.0,0.0,0.0,0.0,1.0,109.5,106.5,1.92,9.8,-10.17,-16.55
10,W,110,91,44,28,6,False,0.0,0.0,0.0,0.0,0.0,0.0,0.0,0.0,0.0,0.0,0.0,0.0,1.0,119.7,104.0,1.2,5.98,-11.98,-12.17
17,L,95,116,45,30,6,False,0.0,0.0,0.0,0.0,0.0,0.0,0.0,0.0,0.0,0.0,0.0,0.0,1.0,109.7,107.0,1.92,9.8,-9.03,-16.55
13,W,128,110,46,29,6,False,0.0,0.0,0.0,0.0,0.0,0.0,0.0,0.0,0.0,0.0,0.0,0.0,2.0,106.5,105.5,1.92,-1.15,-9.99,-6.3
16,W,118,112,48,30,6,False,0.0,0.0,0.0,0.0,0.0,0.0,0.0,0.0,0.0,0.0,0.0,0.0,-1.0,95.0,102.0,1.92,6.55,-8.82,-5.7
8,W,131,113,49,30,6,False,0.0,0.0,0.0,0.0,0.0,0.0,0.0,0.0,0.0,0.0,0.0,0.0,3.0,116.0,86.0,1.92,-2.13,-9.85,-8.26
9,L,87,112,8,7,6,True,0.0,0.0,0.0,0.0,0.0,0.0,0.0,0.0,0.0,0.0,0.0,0.0,3.0,105.0,106.5,1.92,9.65,-9.97,-8.89
9,L,117,126,8,8,6,True,0.0,0.0,0.0,0.0,0.0,0.0,0.0,0.0,0.0,0.0,0.0,0.0,-1.0,101.4,107.6,1.92,9.65,-9.97,-8.89
9,L,100,109,8,9,6,True,0.0,0.0,0.0,0.0,0.0,0.0,0.0,0.0,0.0,0.0,0.0,0.0,-2.0,105.0,116.4,1.92,9.65,-9.97,-8.89
9,W,119,109,8,8,6,True,0.0,0.0,0.0,0.0,0.0,0.0,0.0,0.0,0.0,0.0,0.0,0.0,-3.0,106.6,112.2,1.92,9.65,-9.97,-8.89
9,L,110,120,9,10,6,True,0.0,0.0,0.0,0.0,0.0,0.0,0.0,0.0,0.0,0.0,0.0,0.0,1.0,109.0,113.8,1.92,9.65,-9.97,-8.89
17,W,93,91,3,2,7,False,0.0,0.0,0.0,0.0,0.0,0.0,0.0,0.0,0.0,0.0,0.0,0.0,0.0,0.0,0.0,11.49,11.48,-15.58,-5.68
14,L,97,106,4,4,7,False,0.0,0.0,0.0,0.0,0.0,0.0,0.0,0.0,0.0,0.0,0.0,0.0,0.0,0.0,0.0,11.49,13.68,-15.25,-11.88
14,L,106,108,4,5,7,False,0.0,0.0,0.0,0.0,0.0,0.0,0.0,0.0,0.0,0.0,0.0,0.0,-1.0,97.0,106.0,11.49,13.68,-15.16,-11.65
10,W,95,94,4,4,7,False,0.0,0.0,0.0,0.0,0.0,0.0,0.0,0.0,0.0,0.0,0.0,0.0,0.0,0.0,0.0,11.49,4.13,-15.01,-12.79
15,W,113,96,5,4,7,False,0.0,0.0,0.0,0.0,0.0,0.0,0.0,0.0,0.0,0.0,0.0,0.0,0.0,0.0,0.0,8.53,11.39,-15.94,-12.39
11,W,101,98,6,4,7,False,0.0,0.0,0.0,0.0,0.0,0.0,0.0,0.0,0.0,0.0,0.0,0.0,0.0,0.0,0.0,0.28,13.95,-16.52,-12.87
16,L,109,120,9,11,7,False,0.0,0.0,0.0,0.0,0.0,0.0,0.0,0.0,0.0,0.0,0.0,0.0,0.0,0.0,0.0,0.28,11.32,-15.28,-9.65
15,W,120,111,9,10,7,False,0.0,0.0,0.0,0.0,0.0,0.0,0.0,0.0,0.0,0.0,0.0,0.0,2.0,113.0,96.0,8.53,3.09,-16.4,-17.66
17,L,107,124,14,15,7,False,0.0,0.0,0.0,0.0,0.0,0.0,0.0,0.0,0.0,0.0,0.0,0.0,2.0,93.0,91.0,8.53,9.8,-18.59,-14.09
12,W,103,100,15,16,7,False,0.0,0.0,0.0,0.0,0.0,0.0,0.0,0.0,0.0,0.0,0.0,0.0,0.0,0.0,0.0,3.27,1.47,-14.9,-15.22
9,W,89,86,16,16,7,False,0.0,0.0,0.0,0.0,0.0,0.0,0.0,0.0,0.0,0.0,0.0,0.0,0.0,0.0,0.0,0.29,0.63,-15.51,-10.62
10,W,124,111,17,16,7,False,0.0,0.0,0.0,0.0,0.0,0.0,0.0,0.0,0.0,0.0,0.0,0.0,1.0,95.0,94.0,3.35,-1.78,-19.61,-12.94
12,L,85,87,20,20,7,False,0.0,0.0,0.0,0.0,0.0,0.0,0.0,0.0,0.0,0.0,0.0,0.0,1.0,103.0,100.0,0.04,-1.75,-10.64,-11.83
13,W,133,96,21,19,7,False,0.0,0.0,0.0,0.0,0.0,0.0,0.0,0.0,0.0,0.0,0.0,0.0,0.0,0.0,0.0,8.53,3.49,-12.94,-4.37
12,W,130,128,22,20,7,False,0.0,0.0,0.0,0.0,0.0,0.0,0.0,0.0,0.0,0.0,0.0,0.0,-1.0,94.0,93.5,8.53,-4.87,-14.59,-8.42
14,L,118,122,23,22,7,False,0.0,0.0,0.0,0.0,0.0,0.0,0.0,0.0,0.0,0.0,0.0,0.0,-2.0,101.5,107.0,8.53,3.42,-14.43,-15.66
8,W,117,111,23,21,7,False,0.0,0.0,0.0,0.0,0.0,0.0,0.0,0.0,0.0,0.0,0.0,0.0,0.0,0.0,0.0,6.33,-0.81,-12.76,-13.11
8,W,110,105,24,21,7,False,0.0,0.0,0.0,0.0,0.0,0.0,0.0,0.0,0.0,0.0,0.0,0.0,1.0,117.0,111.0,1.91,-0.81,-14.23,-11.57
16,W,136,100,27,21,7,False,0.0,0.0,0.0,0.0,0.0,0.0,0.0,0.0,0.0,0.0,0.0,0.0,-6.0,109.0,120.0,8.53,11.32,-15.09,-10.76
17,L,115,130,28,23,7,False,0.0,0.0,0.0,0.0,0.0,0.0,0.0,0.0,0.0,0.0,0.0,0.0,-1.0,100.0,107.5,8.53,6.58,-14.71,-16.15
9,W,117,116,32,25,7,False,0.0,0.0,0.0,0.0,0.0,0.0,0.0,0.0,0.0,0.0,0.0,0.0,2.0,89.0,86.0,8.53,4.3,-15.14,-10.53
10,W,116,101,36,26,7,False,0.0,0.0,0.0,0.0,0.0,0.0,0.0,0.0,0.0,0.0,0.0,0.0,3.0,109.5,102.5,1.34,5.98,-15.16,-14.82
9,W,131,124,38,26,7,False,0.0,0.0,0.0,0.0,0.0,0.0,0.0,0.0,0.0,0.0,0.0,0.0,3.0,103.0,101.0,1.91,-6.42,-14.23,-17.07
9,L,102,113,40,28,7,False,0.0,0.0,0.0,0.0,0.0,0.0,0.0,0.0,0.0,0.0,0.0,0.0,3.0,112.3,108.7,1.91,4.15,-14.66,-9.07
12,W,127,115,42,30,7,False,0.0,0.0,0.0,0.0,0.0,0.0,0.0,0.0,0.0,0.0,0.0,0.0,1.0,106.0,105.0,8.53,-1.75,-15.14,-7.02
11,W,125,118,45,31,7,False,0.0,0.0,0.0,0.0,0.0,0.0,0.0,0.0,0.0,0.0,0.0,0.0,3.0,101.0,98.0,8.53,-6.14,-14.89,-6.58
17,L,130,136,46,33,7,False,0.0,0.0,0.0,0.0,0.0,0.0,0.0,0.0,0.0,0.0,0.0,0.0,-1.0,105.0,115.0,8.53,9.8,-15.14,-15.55
13,W,129,118,46,32,7,False,0.0,0.0,0.0,0.0,0.0,0.0,0.0,0.0,0.0,0.0,0.0,0.0,2.0,133.0,96.0,6.66,4.6,-14.89,-5.34
14,W,122,109,47,33,7,False,0.0,0.0,0.0,0.0,0.0,0.0,0.0,0.0,0.0,0.0,0.0,0.0,-1.0,107.0,112.0,8.53,6.1,-15.14,-11.66
13,L,141,146,48,35,7,False,0.0,0.0,0.0,0.0,0.0,0.0,0.0,0.0,0.0,0.0,0.0,0.0,1.0,131.0,107.0,-12.58,-3.13,-16.38,-9.03
9,L,107,123,0,2,7,True,0.0,0.0,0.0,0.0,0.0,0.0,0.0,0.0,0.0,0.0,0.0,0.0,-1.0,109.8,109.8,8.53,3.85,-14.49,-6.58
9,L,106,126,0,3,7,True,0.0,0.0,0.0,0.0,0.0,0.0,0.0,0.0,0.0,0.0,0.0,0.0,-1.0,109.2,112.4,8.53,3.85,-14.49,-6.58
9,L,113,118,0,4,7,True,0.0,0.0,0.0,0.0,0.0,0.0,0.0,0.0,0.0,0.0,0.0,0.0,-2.0,112.6,120.4,8.53,3.85,-14.49,-6.58
9,W,126,121,0,3,7,True,0.0,0.0,0.0,0.0,0.0,0.0,0.0,0.0,0.0,0.0,0.0,0.0,-3.0,111.8,120.8,8.53,3.85,-14.49,-6.58
9,L,98,102,1,5,7,True,0.0,0.0,0.0,0.0,0.0,0.0,0.0,0.0,0.0,0.0,0.0,0.0,1.0,110.8,120.2,8.53,12.7,-14.49,-12.22
16,L,89,117,1,7,8,False,0.0,0.0,0.0,0.0,0.0,0.0,0.0,0.0,0.0,0.0,0.0,0.0,0.0,0.0,0.0,6.36,5.81,-10.37,-13.78
10,W,112,104,1,8,8,False,0.0,0.0,0.0,0.0,0.0,0.0,0.0,0.0,0.0,0.0,0.0,0.0,0.0,0.0,0.0,3.31,4.13,-7.55,-14.06
11,W,97,89,3,10,8,False,0.0,0.0,0.0,0.0,0.0,0.0,0.0,0.0,0.0,0.0,0.0,0.0,0.0,0.0,0.0,3.84,9.72,-11.37,-10.42
9,L,102,105,4,12,8,False,0.0,0.0,0.0,0.0,0.0,0.0,0.0,0.0,0.0,0.0,0.0,0.0,0.0,0.0,0.0,3.84,-5.16,-12.46,-11.68
13,L,116,121,4,13,8,False,0.0,0.0,0.0,0.0,0.0,0.0,0.0,0.0,0.0,0.0,0.0,0.0,0.0,0.0,0.0,4.13,9.67,-13.34,-2.28
15,L,92,100,4,14,8,False,0.0,0.0,0.0,0.0,0.0,0.0,0.0,0.0,0.0,0.0,0.0,0.0,0.0,0.0,0.0,0.6,11.39,-10.82,-12.48
16,L,93,114,4,15,8,False,0.0,0.0,0.0,0.0,0.0,0.0,0.0,0.0,0.0,0.0,0.0,0.0,-2.0,89.0,117.0,0.6,11.32,-10.82,-9.65
12,L,96,107,4,16,8,False,0.0,0.0,0.0,0.0,0.0,0.0,0.0,0.0,0.0,0.0,0.0,0.0,0.0,0.0,0.0,4.13,6.62,-13.34,-6.97
13,L,106,110,4,17,8,False,0.0,0.0,0.0,0.0,0.0,0.0,0.0,0.0,0.0,0.0,0.0,0.0,-2.0,116.0,121.0,3.84,9.67,-12.46,-2.48
11,L,113,122,4,24,8,False,0.0,0.0,0.0,0.0,0.0,0.0,0.0,0.0,0.0,0.0,0.0,0.0,1.0,97.0,89.0,-1.1,4.72,-13.67,-11.86
10,L,107,116,4,25,8,False,0.0,0.0,0.0,0.0,0.0,0.0,0.0,0.0,0.0,0.0,0.0,0.0,1.0,112.0,104.0,-1.1,-1.21,-12.17,-12.35
15,W,100,90,4,24,8,False,0.0,0.0,0.0,0.0,0.0,0.0,0.0,0.0,0.0,0.0,0.0,0.0,-3.0,92.0,100.0,-1.1,-3.73,-12.17,-13.88
15,L,112,115,5,27,8,False,0.0,0.0,0.0,0.0,0.0,0.0,0.0,0.0,0.0,0.0,0.0,0.0,1.0,96.0,95.0,-4.25,-5.17,-7.1,-12.68
16,W,115,106,6,28,8,False,0.0,0.0,0.0,0.0,0.0,0.0,0.0,0.0,0.0,0.0,0.0,0.0,-4.0,91.0,115.5,-1.75,11.32,-11.57,-10.36
14,L,88,118,7,31,8,False,0.0,0.0,0.0,0.0,0.0,0.0,0.0,0.0,0.0,0.0,0.0,0.0,0.0,0.0,0.0,-1.1,8.92,-14.75,-11.08
9,L,86,102,10,34,8,False,0.0,0.0,0.0,0.0,0.0,0.0,0.0,0.0,0.0,0.0,0.0,0.0,-1.0,102.0,105.0,-1.1,3.15,-8.15,-9.65
17,L,117,128,12,40,8,False,0.0,0.0,0.0,0.0,0.0,0.0,0.0,0.0,0.0,0.0,0.0,0.0,0.0,0.0,0.0,-1.31,6.58,-4.29,-16.15
17,L,105,118,12,42,8,False,0.0,0.0,0.0,0.0,0.0,0.0,0.0,0.0,0.0,0.0,0.0,0.0,-2.0,117.0,128.0,0.36,9.8,-5.68,-15.66
14,L,107,132,12,44,8,False,0.0,0.0,0.0,0.0,0.0,0.0,0.0,0.0,0.0,0.0,0.0,0.0,-2.0,88.0,118.0,0.36,9.56,-9.8,-9.34
11,W,111,106,16,47,8,False,0.0,0.0,0.0,0.0,0.0,0.0,0.0,0.0,0.0,0.0,0.0,0.0,-13.0,105.0,105.5,4.13,2.09,-11.79,-10.41
12,L,102,106,18,51,8,False,0.0,0.0,0.0,0.0,0.0,0.0,0.0,0.0,0.0,0.0,0.0,0.0,-5.0,96.0,107.0,1.99,-1.75,-15.0,-7.83
15,L,98,105,18,52,8,False,0.0,0.0,0.0,0.0,0.0,0.0,0.0,0.0,0.0,0.0,0.0,0.0,-2.0,101.3,101.7,-1.31,11.39,-7.54,-10.34
11,W,121,117,22,56,8,False,0.0,0.0,0.0,0.0,0.0,0.0,0.0,0.0,0.0,0.0,0.0,0.0,2.0,107.0,105.7,-4.91,-6.14,-3.58,-14.3
16,L,101,131,23,59,8,False,0.0,0.0,0.0,0.0,0.0,0.0,0.0,0.0,0.0,0.0,0.0,0.0,2.0,99.0,112.3,-2.13,6.55,-5.94,-9.91
13,W,121,114,0,0,9,False,0.0,0.0,0.0,0.0,0.0,0.0,0.0,0.0,0.0,0.0,0.0,0.0,0.0,0.0,0.0,0.0,0.0,0.0,0.0
12,W,115,113,1,0,9,False,0.0,0.0,0.0,0.0,0.0,0.0,0.0,0.0,0.0,0.0,0.0,0.0,0.0,0.0,0.0,33.17,0.0,20.3,0.0
14,L,101,104,4,2,9,False,0.0,0.0,0.0,0.0,0.0,0.0,0.0,0.0,0.0,0.0,0.0,0.0,0.0,0.0,0.0,10.07,13.44,-10.12,-3.44
10,W,120,107,7,1,9,False,0.0,0.0,0.0,0.0,0.0,0.0,0.0,0.0,0.0,0.0,0.0,0.0,0.0,0.0,0.0,9.78,4.13,-12.86,-15.18
17,W,123,110,9,1,9,False,0.0,0.0,0.0,0.0,0.0,0.0,0.0,0.0,0.0,0.0,0.0,0.0,0.0,0.0,0.0,9.78,11.49,-14.93,-16.34
12,W,105,90,17,2,9,False,0.0,0.0,0.0,0.0,0.0,0.0,0.0,0.0,0.0,0.0,0.0,0.0,2.0,115.0,113.0,9.78,6.62,-16.68,-8.36
11,W,102,100,21,5,9,False,0.0,0.0,0.0,0.0,0.0,0.0,0.0,0.0,0.0,0.0,0.0,0.0,0.0,0.0,0.0,9.78,16.44,-11.7,-16.08
14,W,113,104,25,6,9,False,0.0,0.0,0.0,0.0,0.0,0.0,0.0,0.0,0.0,0.0,0.0,0.0,-1.0,101.0,104.0,0.74,14.43,-18.22,-11.79
15,W,115,108,28,7,9,False,0.0,0.0,0.0,0.0,0.0,0.0,0.0,0.0,0.0,0.0,0.0,0.0,0.0,0.0,0.0,4.64,3.61,-7.67,-8.32
14,L,108,116,30,11,9,False,0.0,0.0,0.0,0.0,0.0,0.0,0.0,0.0,0.0,0.0,0.0,0.0,2.0,107.0,104.0,10.93,7.19,-10.61,-14.0
16,L,99,118,30,12,9,False,0.0,0.0,0.0,0.0,0.0,0.0,0.0,0.0,0.0,0.0,0.0,0.0,0.0,0.0,0.0,4.21,8.39,-8.61,-7.87
17,L,99,119,31,13,9,False,0.0,0.0,0.0,0.0,0.0,0.0,0.0,0.0,0.0,0.0,0.0,0.0,6.0,123.0,110.0,0.55,9.8,-11.21,-13.04
11,L,117,121,32,14,9,False,0.0,0.0,0.0,0.0,0.0,0.0,0.0,0.0,0.0,0.0,0.0,0.0,1.0,102.0,100.0,3.7,-3.17,-9.65,-15.97
10,W,105,103,32,13,9,False,0.0,0.0,0.0,0.0,0.0,0.0,0.0,0.0,0.0,0.0,0.0,0.0,4.0,120.0,107.0,7.06,5.98,-14.68,-12.15
17,W,124,115,35,13,9,False,0.0,0.0,0.0,0.0,0.0,0.0,0.0,0.0,0.0,0.0,0.0,0.0,-1.0,111.0,114.5,6.93,9.29,-10.77,-15.55
10,W,122,108,37,13,9,False,0.0,0.0,0.0,0.0,0.0,0.0,0.0,0.0,0.0,0.0,0.0,0.0,1.0,112.5,105.0,4.15,5.98,-11.13,-12.15
13,W,117,115,41,15,9,False,0.0,0.0,0.0,0.0,0.0,0.0,0.0,0.0,0.0,0.0,0.0,0.0,1.0,121.0,114.0,3.7,11.41,-8.46,-4.89
12,L,104,119,42,17,9,False,0.0,0.0,0.0,0.0,0.0,0.0,0.0,0.0,0.0,0.0,0.0,0.0,7.0,110.0,101.5,3.7,2.55,-8.46,-12.64
17,L,114,129,43,20,9,False,0.0,0.0,0.0,0.0,0.0,0.0,0.0,0.0,0.0,0.0,0.0,0.0,4.0,115.3,114.7,-0.85,4.39,-6.88,-11.19
13,L,116,124,43,22,9,False,0.0,0.0,0.0,0.0,0.0,0.0,0.0,0.0,0.0,0.0,0.0,0.0,1.0,119.0,114.5,6.93,6.62,-9.19,-7.09
12,W,112,97,43,22,9,False,0.0,0.0,0.0,0.0,0.0,0.0,0.0,0.0,0.0,0.0,0.0,0.0,-1.0,108.0,107.3,4.15,2.55,-10.9,-11.41
16,W,122,109,45,22,9,False,0.0,0.0,0.0,0.0,0.0,0.0,0.0,0.0,0.0,0.0,0.0,0.0,-2.0,99.0,118.0,9.44,11.32,-14.68,-13.29
15,W,118,104,47,25,9,False,0.0,0.0,0.0,0.0,0.0,0.0,0.0,0.0,0.0,0.0,0.0,0.0,2.0,115.0,108.0,-7.25,11.39,-10.94,-13.8
14,L,95,123,48,29,9,False,0.0,0.0,0.0,0.0,0.0,0.0,0.0,0.0,0.0,0.0,0.0,0.0,-1.0,107.3,108.0,-7.1,3.02,-10.82,-9.96
13,W,128,112,50,29,9,False,0.0,0.0,0.0,0.0,0.0,0.0,0.0,0.0,0.0,0.0,0.0,0.0,-4.0,118.0,117.7,3.85,-2.06,-11.7,-8.55
14,W,117,116,4,1,9,True,0.0,0.0,0.0,0.0,0.0,0.0,0.0,0.0,0.0,0.0,0.0,0.0,-3.0,104.2,111.8,7.57,11.24,-9.01,-9.57
14,L,101,106,5,3,9,True,0.0,0.0,0.0,0.0,0.0,0.0,0.0,0.0,0.0,0.0,0.0,0.0,2.0,106.8,112.6,7.57,11.24,-9.01,-9.57
14,W,142,112,5,2,9,True,0.0,0.0,0.0,0.0,0.0,0.0,0.0,0.0,0.0,0.0,0.0,0.0,-1.0,106.8,113.0,6.96,6.37,-6.97,-4.66
14,W,101,98,6,2,9,True,0.0,0.0,0.0,0.0,0.0,0.0,0.0,0.0,0.0,0.0,0.0,0.0,1.0,112.6,114.6,6.96,6.1,-6.97,-9.47
14,L,95,134,7,4,9,True,0.0,0.0,0.0,0.0,0.0,0.0,0.0,0.0,0.0,0.0,0.0,0.0,2.0,111.2,111.0,6.96,6.1,-6.97,-9.47
14,W,110,96,7,3,9,True,0.0,0.0,0.0,0.0,0.0,0.0,0.0,0.0,0.0,0.0,0.0,0.0,-1.0,111.2,113.2,9.65,6.1,-8.89,-9.47
17,L,106,124,0,2,10,False,0.0,0.0,0.0,0.0,0.0,0.0,0.0,0.0,0.0,0.0,0.0,0.0,0.0,0.0,0.0,0.0,0.0,0.0,0.0
13,L,85,95,1,6,10,False,0.0,0.0,0.0,0.0,0.0,0.0,0.0,0.0,0.0,0.0,0.0,0.0,0.0,0.0,0.0,4.13,12.1,-12.5,-5.75
13,L,117,119,1,7,10,False,0.0,0.0,0.0,0.0,0.0,0.0,0.0,0.0,0.0,0.0,0.0,0.0,-4.0,85.0,95.0,4.22,11.75,-13.96,-5.75
14,L,102,136,1,14,10,False,0.0,0.0,0.0,0.0,0.0,0.0,0.0,0.0,0.0,0.0,0.0,0.0,0.0,0.0,0.0,4.13,14.55,-14.96,-11.27
16,L,114,123,8,18,10,False,0.0,0.0,0.0,0.0,0.0,0.0,0.0,0.0,0.0,0.0,0.0,0.0,0.0,0.0,0.0,-0.7,11.32,-12.32,-8.63
14,L,106,113,8,19,10,False,0.0,0.0,0.0,0.0,0.0,0.0,0.0,0.0,0.0,0.0,0.0,0.0,-12.0,102.0,136.0,-2.53,3.02,-13.69,-14.6
16,L,106,126,10,23,10,False,0.0,0.0,0.0,0.0,0.0,0.0,0.0,0.0,0.0,0.0,0.0,0.0,-1.0,114.0,123.0,-0.7,2.8,-14.77,-9.3
11,L,106,118,10,24,10,False,0.0,0.0,0.0,0.0,0.0,0.0,0.0,0.0,0.0,0.0,0.0,0.0,0.0,0.0,0.0,4.15,4.27,-14.99,-16.72
13,L,123,132,10,26,10,False,0.0,0.0,0.0,0.0,0.0,0.0,0.0,0.0,0.0,0.0,0.0,0.0,-5.0,101.0,107.0,3.82,11.27,-12.01,-6.0
15,L,110,120,10,27,10,False,0.0,0.0,0.0,0.0,0.0,0.0,0.0,0.0,0.0,0.0,0.0,0.0,0.0,0.0,0.0,3.82,3.61,-12.52,1.11
17,L,123,141,11,31,10,False,0.0,0.0,0.0,0.0,0.0,0.0,0.0,0.0,0.0,0.0,0.0,0.0,-1.0,106.0,124.0,5.98,9.29,-13.1,-15.55
12,L,111,142,15,44,10,False,0.0,0.0,0.0,0.0,0.0,0.0,0.0,0.0,0.0,0.0,0.0,0.0,0.0,0.0,0.0,5.69,2.55,-16.42,-10.09
12,L,98,99,15,46,10,False,0.0,0.0,0.0,0.0,0.0,0.0,0.0,0.0,0.0,0.0,0.0,0.0,-7.0,111.0,142.0,7.67,2.55,-14.05,-10.09
12,L,100,113,15,47,10,False,0.0,0.0,0.0,0.0,0.0,0.0,0.0,0.0,0.0,0.0,0.0,0.0,-9.0,104.5,120.5,7.67,2.55,-14.05,-10.09
14,W,123,112,15,48,10,False,0.0,0.0,0.0,0.0,0.0,0.0,0.0,0.0,0.0,0.0,0.0,0.0,-2.0,104.0,124.5,5.98,9.56,-14.82,-12.82
15,L,106,123,16,50,10,False,0.0,0.0,0.0,0.0,0.0,0.0,0.0,0.0,0.0,0.0,0.0,0.0,-6.0,110.0,120.0,-0.42,11.39,-9.85,-10.68
13,W,139,130,16,49,10,False,0.0,0.0,0.0,0.0,0.0,0.0,0.0,0.0,0.0,0.0,0.0,0.0,-5.0,108.3,115.3,-1.0,6.62,-12.55,-7.09
11,L,118,121,17,54,10,False,0.0,0.0,0.0,0.0,0.0,0.0,0.0,0.0,0.0,0.0,0.0,0.0,-3.0,106.0,118.0,4.01,2.52,-11.92,-13.79
14,L,98,122,17,55,10,False,0.0,0.0,0.0,0.0,0.0,0.0,0.0,0.0,0.0,0.0,0.0,0.0,1.0,110.3,120.3,4.01,6.1,-11.92,-9.47
17,L,132,139,20,60,10,False,0.0,0.0,0.0,0.0,0.0,0.0,0.0,0.0,0.0,0.0,0.0,0.0,-2.0,114.5,132.5,-0.42,9.63,-18.41,-19.08
15,W,102,91,0,2,11,False,0.0,0.0,0.0,0.0,0.0,0.0,0.0,0.0,0.0,0.0,0.0,0.0,0.0,0.0,0.0,21.87,34.87,-2.73,21.01
16,L,109,119,1,4,11,False,0.0,0.0,0.0,0.0,0.0,0.0,0.0,0.0,0.0,0.0,0.0,0.0,0.0,0.0,0.0,19.11,4.62,-3.65,-5.56
13,L,116,124,8,13,11,False,0.0,0.0,0.0,0.0,0.0,0.0,0.0,0.0,0.0,0.0,0.0,0.0,0.0,0.0,0.0,12.86,5.99,-10.37,-0.18
16,L,100,118,9,14,11,False,0.0,0.0,0.0,0.0,0.0,0.0,0.0,0.0,0.0,0.0,0.0,0.0,-1.0,109.0,119.0,12.86,11.32,-10.37,-9.65
17,L,98,100,9,15,11,False,0.0,0.0,0.0,0.0,0.0,0.0,0.0,0.0,0.0,0.0,0.0,0.0,0.0,0.0,0.0,10.97,7.12,-10.66,-16.85
15,L,104,113,9,17,11,False,0.0,0.0,0.0,0.0,0.0,0.0,0.0,0.0,0.0,0.0,0.0,0.0,1.0,102.0,91.0,8.5,4.25,-10.97,-18.63
16,L,99,114,12,19,11,False,0.0,0.0,0.0,0.0,0.0,0.0,0.0,0.0,0.0,0.0,0.0,0.0,-1.0,104.5,118.5,16.44,3.52,-12.07,-11.98
15,L,96,125,13,20,11,False,0.0,0.0,0.0,0.0,0.0,0.0,0.0,0.0,0.0,0.0,0.0,0.0,-4.0,103.0,102.0,12.86,-5.17,-10.75,-12.68
12,L,133,139,15,30,11,False,0.0,0.0,0.0,0.0,0.0,0.0,0.0,0.0,0.0,0.0,0.0,0.0,0.0,0.0,0.0,0.72,-1.75,-8.28,-10.97
13,W,111,104,15,29,11,False,0.0,0.0,0.0,0.0,0.0,0.0,0.0,0.0,0.0,0.0,0.0,0.0,-1.0,116.0,124.0,9.22,0.84,-8.93,-1.37
12,W,122,116,18,33,11,False,0.0,0.0,0.0,0.0,0.0,0.0,0.0,0.0,0.0,0.0,0.0,0.0,-4.0,133.0,139.0,-1.38,-4.08,-11.12,-7.66
17,L,120,129,19,40,11,False,0.0,0.0,0.0,0.0,0.0,0.0,0.0,0.0,0.0,0.0,0.0,0.0,-2.0,98.0,100.0,1.13,9.8,-14.11,-15.23
16,L,119,128,19,41,11,False,0.0,0.0,0.0,0.0,0.0,0.0,0.0,0.0,0.0,0.0,0.0,0.0,-2.0,102.7,117.0,-6.43,11.32,-7.81,-13.3
14,L,102,135,23,48,11,False,0.0,0.0,0.0,0.0,0.0,0.0,0.0,0.0,0.0,0.0,0.0,0.0,0.0,0.0,0.0,2.09,6.1,-10.41,-11.13
14,L,103,133,25,50,11,False,0.0,0.0,0.0,0.0,0.0,0.0,0.0,0.0,0.0,0.0,0.0,0.0,-2.0,102.0,135.0,-4.75,1.23,-7.74,-9.94
14,L,114,120,0,3,12,False,0.0,0.0,0.0,0.0,0.0,0.0,0.0,0.0,0.0,0.0,0.0,0.0,0.0,0.0,0.0,37.43,45.04,27.39,20.71
17,W,126,115,2,4,12,False,0.0,0.0,0.0,0.0,0.0,0.0,0.0,0.0,0.0,0.0,0.0,0.0,0.0,0.0,0.0,7.38,6.29,-4.18,-8.16
17,W,104,84,3,4,12,False,0.0,0.0,0.0,0.0,0.0,0.0,0.0,0.0,0.0,0.0,0.0,0.0,2.0,126.0,115.0,7.38,6.01,-4.18,-10.58
15,W,112,109,6,4,12,False,0.0,0.0,0.0,0.0,0.0,0.0,0.0,0.0,0.0,0.0,0.0,0.0,0.0,0.0,0.0,7.38,10.03,-6.06,-17.44
17,W,129,102,7,4,12,False,0.0,0.0,0.0,0.0,0.0,0.0,0.0,0.0,0.0,0.0,0.0,0.0,3.0,115.0,99.5,7.38,9.8,-9.06,-14.48
14,L,108,120,9,7,12,False,0.0,0.0,0.0,0.0,0.0,0.0,0.0,0.0,0.0,0.0,0.0,0.0,-2.0,114.0,120.0,3.39,14.48,-6.0,-11.59
13,W,119,115,11,11,12,False,0.0,0.0,0.0,0.0,0.0,0.0,0.0,0.0,0.0,0.0,0.0,0.0,0.0,0.0,0.0,3.44,14.64,-7.38,-5.59
17,L,104,122,19,20,12,False,0.0,0.0,0.0,0.0,0.0,0.0,0.0,0.0,0.0,0.0,0.0,0.0,7.0,119.7,100.3,-0.33,0.01,-14.72,-16.21
14,L,108,123,19,22,12,False,0.0,0.0,0.0,0.0,0.0,0.0,0.0,0.0,0.0,0.0,0.0,0.0,-1.0,111.0,120.0,-1.75,0.49,-13.48,-15.7
15,L,114,121,25,27,12,False,0.0,0.0,0.0,0.0,0.0,0.0,0.0,0.0,0.0,0.0,0.0,0.0,6.0,112.0,109.0,-1.06,6.1,-10.38,-8.55
13,W,111,110,26,27,12,False,0.0,0.0,0.0,0.0,0.0,0.0,0.0,0.0,0.0,0.0,0.0,0.0,1.0,119.0,115.0,-4.38,6.58,-5.61,-4.26
16,L,113,137,27,29,12,False,0.0,0.0,0.0,0.0,0.0,0.0,0.0,0.0,0.0,0.0,0.0,0.0,0.0,0.0,0.0,-1.75,10.99,-4.27,-10.25
14,L,109,135,27,30,12,False,0.0,0.0,0.0,0.0,0.0,0.0,0.0,0.0,0.0,0.0,0.0,0.0,-3.0,110.0,121.0,3.36,9.56,-7.92,-9.34
13,W,105,102,30,31,12,False,0.0,0.0,0.0,0.0,0.0,0.0,0.0,0.0,0.0,0.0,0.0,0.0,1.0,115.0,112.5,2.55,2.0,-10.09,-0.48
13,W,132,111,33,31,12,False,0.0,0.0,0.0,0.0,0.0,0.0,0.0,0.0,0.0,0.0,0.0,0.0,2.0,111.7,109.0,2.55,4.64,-10.09,-5.98
16,W,153,119,37,40,12,False,0.0,0.0,0.0,0.0,0.0,0.0,0.0,0.0,0.0,0.0,0.0,0.0,-1.0,113.0,137.0,-3.09,-5.4,-3.48,-9.55
17,L,104,109,42,42,12,False,0.0,0.0,0.0,0.0,0.0,0.0,0.0,0.0,0.0,0.0,0.0,0.0,-1.0,115.8,105.8,7.25,9.8,-7.02,-13.42
14,W,121,118,0,2,13,False,0.0,0.0,0.0,0.0,0.0,0.0,0.0,0.0,0.0,0.0,0.0,0.0,0.0,0.0,0.0,9.23,19.16,-6.08,-10.49
15,W,120,117,6,5,13,False,0.0,0.0,0.0,0.0,0.0,0.0,0.0,0.0,0.0,0.0,0.0,0.0,0.0,0.0,0.0,4.23,11.39,-1.46,-13.29
17,L,83,107,7,7,13,False,0.0,0.0,0.0,0.0,0.0,0.0,0.0,0.0,0.0,0.0,0.0,0.0,0.0,0.0,0.0,5.38,9.8,-2.16,-15.5
16,L,102,109,8,9,13,False,0.0,0.0,0.0,0.0,0.0,0.0,0.0,0.0,0.0,0.0,0.0,0.0,0.0,0.0,0.0,12.22,11.32,-7.31,-8.48
14,L,95,108,13,14,13,False,0.0,0.0,0.0,0.0,0.0,0.0,0.0,0.0,0.0,0.0,0.0,0.0,1.0,121.0,118.0,14.63,5.35,-4.79,-16.74
17,L,92,110,16,15,13,False,0.0,0.0,0.0,0.0,0.0,0.0,0.0,0.0,0.0,0.0,0.0,0.0,-1.0,83.0,107.0,13.1,4.73,-1.83,-17.0
14,L,99,104,17,20,13,False,0.0,0.0,0.0,0.0,0.0,0.0,0.0,0.0,0.0,0.0,0.0,0.0,-1.0,108.0,113.0,3.49,10.68,-7.49,-11.1
17,W,108,103,18,19,13,False,0.0,0.0,0.0,0.0,0.0,0.0,0.0,0.0,0.0,0.0,0.0,0.0,-1.0,87.5,108.5,5.9,0.01,-3.77,-16.21
14,L,119,127,21,21,13,False,0.0,0.0,0.0,0.0,0.0,0.0,0.0,0.0,0.0,0.0,0.0,0.0,-1.0,105.0,110.0,5.47,7.19,-4.26,-13.9
15,L,107,113,23,25,13,False,0.0,0.0,0.0,0.0,0.0,0.0,0.0,0.0,0.0,0.0,0.0,0.0,2.0,120.0,117.0,0.84,6.1,-1.37,-13.83
16,L,116,131,26,30,13,False,0.0,0.0,0.0,0.0,0.0,0.0,0.0,0.0,0.0,0.0,0.0,0.0,-2.0,102.0,109.0,12.68,11.32,-4.59,-10.24
17,L,104,124,29,41,13,False,0.0,0.0,0.0,0.0,0.0,0.0,0.0,0.0,0.0,0.0,0.0,0.0,2.0,94.3,106.7,4.64,9.8,-5.98,-16.55
15,L,103,129,3,4,14,False,0.0,0.0,0.0,0.0,0.0,0.0,0.0,0.0,0.0,0.0,0.0,0.0,0.0,0.0,0.0,13.68,5.2,-2.98,-11.29
17,W,125,118,5,4,14,False,0.0,0.0,0.0,0.0,0.0,0.0,0.0,0.0,0.0,0.0,0.0,0.0,0.0,0.0,0.0,13.68,11.49,-13.28,-15.32
17,L,95,138,8,9,14,False,0.0,0.0,0.0,0.0,0.0,0.0,0.0,0.0,0.0,0.0,0.0,0.0,1.0,125.0,118.0,10.68,9.8,-15.18,-15.74
15,W,105,90,13,10,14,False,0.0,0.0,0.0,0.0,0.0,0.0,0.0,0.0,0.0,0.0,0.0,0.0,-1.0,103.0,129.0,6.1,5.61,-10.82,-13.1
17,W,116,108,29,14,14,False,0.0,0.0,0.0,0.0,0.0,0.0,0.0,0.0,0.0,0.0,0.0,0.0,-1.0,110.0,128.0,7.19,9.8,-11.09,-13.37
16,L,114,126,31,17,14,False,0.0,0.0,0.0,0.0,0.0,0.0,0.0,0.0,0.0,0.0,0.0,0.0,0.0,0.0,0.0,3.42,10.19,-14.78,-7.57
17,L,114,119,41,21,14,False,0.0,0.0,0.0,0.0,0.0,0.0,0.0,0.0,0.0,0.0,0.0,0.0,11.0,112.0,121.3,9.56,9.8,-11.88,-14.19
16,W,127,102,51,23,14,False,0.0,0.0,0.0,0.0,0.0,0.0,0.0,0.0,0.0,0.0,0.0,0.0,-1.0,114.0,126.0,6.1,9.14,-12.1,-9.1
17,L,117,130,0,2,14,True,0.0,0.0,0.0,0.0,0.0,0.0,0.0,0.0,0.0,0.0,0.0,0.0,-2.0,112.5,120.8,14.43,9.8,-10.7,-13.55
17,W,124,96,0,1,14,True,0.0,0.0,0.0,0.0,0.0,0.0,0.0,0.0,0.0,0.0,0.0,0.0,-1.0,113.4,122.6,14.43,9.8,-9.7,-13.55
17,W,104,95,1,1,14,True,0.0,0.0,0.0,0.0,0.0,0.0,0.0,0.0,0.0,0.0,0.0,0.0,1.0,113.2,118.2,12.06,9.8,-8.21,-13.55
17,L,118,119,2,3,14,True,0.0,0.0,0.0,0.0,0.0,0.0,0.0,0.0,0.0,0.0,0.0,0.0,2.0,115.0,109.6,11.24,9.8,-7.7,-13.55
17,W,111,109,2,2,14,True,0.0,0.0,0.0,0.0,0.0,0.0,0.0,0.0,0.0,0.0,0.0,0.0,-1.0,115.4,111.8,11.24,9.8,-7.7,-13.55
17,W,114,106,3,2,14,True,0.0,0.0,0.0,0.0,0.0,0.0,0.0,0.0,0.0,0.0,0.0,0.0,1.0,114.8,109.8,11.24,9.8,-9.57,-13.55
16,W,137,95,0,0,15,False,0.0,0.0,0.0,0.0,0.0,0.0,0.0,0.0,0.0,0.0,0.0,0.0,0.0,0.0,0.0,0.0,41.96,0.0,18.13
17,L,101,113,12,8,15,False,0.0,0.0,0.0,0.0,0.0,0.0,0.0,0.0,0.0,0.0,0.0,0.0,0.0,0.0,0.0,11.39,9.8,-12.48,-12.27
16,L,102,124,14,11,15,False,0.0,0.0,0.0,0.0,0.0,0.0,0.0,0.0,0.0,0.0,0.0,0.0,1.0,137.0,95.0,4.25,1.52,-18.68,-1.11
16,W,113,104,14,11,15,False,0.0,0.0,0.0,0.0,0.0,0.0,0.0,0.0,0.0,0.0,0.0,0.0,-1.0,119.5,109.5,-2.69,11.32,-12.9,-7.99
16,L,119,120,41,23,15,False,0.0,0.0,0.0,0.0,0.0,0.0,0.0,0.0,0.0,0.0,0.0,0.0,1.0,117.3,107.7,6.1,11.32,-9.58,-13.84
17,L,104,113,45,25,15,False,0.0,0.0,0.0,0.0,0.0,0.0,0.0,0.0,0.0,0.0,0.0,0.0,-1.0,101.0,113.0,2.05,11.31,-9.35,-18.41
17,L,108,113,3,3,16,False,0.0,0.0,0.0,0.0,0.0,0.0,0.0,0.0,0.0,0.0,0.0,0.0,0.0,0.0,0.0,10.6,9.67,-7.79,-5.19
17,L,119,138,44,28,16,False,0.0,0.0,0.0,0.0,0.0,0.0,0.0,0.0,0.0,0.0,0.0,0.0,-1.0,108.0,113.0,3.68,9.8,-7.43,-16.55
2,W,130,108,0,0,17,False,0.0,0.0,0.0,0.0,0.0,0.0,0.0,0.0,0.0,0.0,0.0,0.0,-1.0,108.5,120.0,13.9,10.46,-10.11,-7.89
4,W,124,112,1,0,17,False,0.0,0.0,0.0,0.0,0.0,0.0,0.0,0.0,0.0,0.0,0.0,0.0,-1.0,111.5,124.0,22.94,8.64,-8.98,-12.91
27,L,121,122,2,2,17,False,0.0,0.0,0.0,0.0,0.0,0.0,0.0,0.0,0.0,0.0,0.0,0.0,4.0,107.8,107.2,17.05,5.87,-10.77,-0.05
6,W,113,111,2,1,17,False,0.0,0.0,0.0,0.0,0.0,0.0,0.0,0.0,0.0,0.0,0.0,0.0,-2.0,106.0,115.8,2.55,5.89,-10.16,-4.18
22,L,111,124,3,3,17,False,0.0,0.0,0.0,0.0,0.0,0.0,0.0,0.0,0.0,0.0,0.0,0.0,-2.0,112.0,111.6,4.98,13.75,-13.34,-10.25
12,W,112,91,3,2,17,False,0.0,0.0,0.0,0.0,0.0,0.0,0.0,0.0,0.0,0.0,0.0,0.0,2.0,107.0,98.8,12.61,3.37,-10.53,-8.07
13,L,117,120,4,4,17,False,0.0,0.0,0.0,0.0,0.0,0.0,0.0,0.0,0.0,0.0,0.0,0.0,3.0,117.7,104.7,12.89,9.64,-15.11,-11.97
9,W,114,105,4,3,17,False,0.0,0.0,0.0,0.0,0.0,0.0,0.0,0.0,0.0,0.0,0.0,0.0,-2.0,97.7,116.7,15.06,-10.6,-9.67,-6.07
0,L,121,124,5,5,17,False,0.0,0.0,0.0,0.0,0.0,0.0,0.0,0.0,0.0,0.0,0.0,0.0,2.0,108.0,107.0,14.9,16.07,-9.67,-15.01
11,L,122,129,5,6,17,False,0.0,0.0,0.0,0.0,0.0,0.0,0.0,0.0,0.0,0.0,0.0,0.0,2.0,105.5,112.0,16.44,5.71,-8.77,-10.15
3,W,115,111,5,5,17,False,0.0,0.0,0.0,0.0,0.0,0.0,0.0,0.0,0.0,0.0,0.0,0.0,1.0,119.0,118.5,16.44,11.4,-9.01,-12.3
23,L,95,106,6,7,17,False,0.0,0.0,0.0,0.0,0.0,0.0,0.0,0.0,0.0,0.0,0.0,0.0,2.0,118.3,99.3,16.44,4.53,-9.77,-7.96
10,W,119,106,6,6,17,False,0.0,0.0,0.0,0.0,0.0,0.0,0.0,0.0,0.0,0.0,0.0,0.0,1.0,117.0,106.8,16.44,12.48,-9.77,-13.03
14,W,113,102,7,6,17,False,0.0,0.0,0.0,0.0,0.0,0.0,0.0,0.0,0.0,0.0,0.0,0.0,-1.0,111.5,123.8,14.21,9.71,-12.48,-7.49
3,W,124,110,8,6,17,False,0.0,0.0,0.0,0.0,0.0,0.0,0.0,0.0,0.0,0.0,0.0,0.0,1.0,117.7,116.0,14.21,11.4,-12.48,-12.37
1,L,109,117,9,8,17,False,0.0,0.0,0.0,0.0,0.0,0.0,0.0,0.0,0.0,0.0,0.0,0.0,-3.0,94.5,105.5,14.21,12.66,-12.81,-14.65
9,W,128,83,9,7,17,False,0.0,0.0,0.0,0.0,0.0,0.0,0.0,0.0,0.0,0.0,0.0,0.0,1.0,101.8,113.8,16.44,-7.9,-12.81,-10.9
25,W,129,110,10,7,17,False,0.0,0.0,0.0,0.0,0.0,0.0,0.0,0.0,0.0,0.0,0.0,0.0,1.0,110.2,107.4,11.48,8.04,-13.97,-13.84
14,L,111,132,11,9,17,False,0.0,0.0,0.0,0.0,0.0,0.0,0.0,0.0,0.0,0.0,0.0,0.0,2.0,111.8,119.4,11.48,10.73,-10.96,-12.68
19,W,105,101,11,8,17,False,0.0,0.0,0.0,0.0,0.0,0.0,0.0,0.0,0.0,0.0,0.0,0.0,-1.0,108.3,111.7,9.52,6.97,-18.34,-7.38
26,W,126,108,12,8,17,False,0.0,0.0,0.0,0.0,0.0,0.0,0.0,0.0,0.0,0.0,0.0,0.0,1.0,110.5,97.5,9.52,9.77,-16.94,-11.63
25,W,117,99,13,8,17,False,0.0,0.0,0.0,0.0,0.0,0.0,0.0,0.0,0.0,0.0,0.0,0.0,2.0,116.6,107.0,10.18,1.0,-11.66,-13.66
7,W,121,106,14,8,17,False,0.0,0.0,0.0,0.0,0.0,0.0,0.0,0.0,0.0,0.0,0.0,0.0,-1.0,115.5,119.8,10.18,9.42,-11.66,-19.51
8,W,104,98,15,8,17,False,0.0,0.0,0.0,0.0,0.0,0.0,0.0,0.0,0.0,0.0,0.0,0.0,1.0,110.0,97.0,10.18,2.51,-11.66,-9.85
22,W,128,117,16,8,17,False,0.0,0.0,0.0,0.0,0.0,0.0,0.0,0.0,0.0,0.0,0.0,0.0,-1.0,109.2,113.6,10.18,11.09,-12.17,-11.56
22,W,129,124,17,8,17,False,0.0,0.0,0.0,0.0,0.0,0.0,0.0,0.0,0.0,0.0,0.0,0.0,6.0,112.6,114.2,10.18,0.81,-12.17,-10.47
27,L,100,121,18,10,17,False,0.0,0.0,0.0,0.0,0.0,0.0,0.0,0.0,0.0,0.0,0.0,0.0,-1.0,110.4,110.2,14.48,10.84,-12.67,-11.74
27,L,129,132,18,11,17,False,0.0,0.0,0.0,0.0,0.0,0.0,0.0,0.0,0.0,0.0,0.0,0.0,-1.0,110.8,115.0,14.48,10.84,-14.07,-11.74
22,L,114,118,18,12,17,False,0.0,0.0,0.0,0.0,0.0,0.0,0.0,0.0,0.0,0.0,0.0,0.0,7.0,114.8,118.4,14.48,7.47,-12.81,-12.86
16,L,119,128,18,13,17,False,0.0,0.0,0.0,0.0,0.0,0.0,0.0,0.0,0.0,0.0,0.0,0.0,-1.0,114.5,124.0,14.48,11.51,-13.03,-8.69
25,W,126,117,18,12,17,False,0.0,0.0,0.0,0.0,0.0,0.0,0.0,0.0,0.0,0.0,0.0,0.0,3.0,117.2,102.0,9.78,3.19,-14.79,-10.49
19,W,128,125,19,12,17,False,0.0,0.0,0.0,0.0,0.0,0.0,0.0,0.0,0.0,0.0,0.0,0.0,1.0,107.5,109.0,9.78,6.34,-15.11,-7.41
11,W,113,93,20,12,17,False,0.0,0.0,0.0,0.0,0.0,0.0,0.0,0.0,0.0,0.0,0.0,0.0,-2.0,111.0,117.7,1.72,5.42,-14.54,-7.88
17,W,119,118,21,12,17,False,0.0,0.0,0.0,0.0,0.0,0.0,0.0,0.0,0.0,0.0,0.0,0.0,1.0,105.0,107.2,13.03,6.18,-15.15,-15.89
21,W,127,116,22,12,17,False,0.0,0.0,0.0,0.0,0.0,0.0,0.0,0.0,0.0,0.0,0.0,0.0,-1.0,102.0,117.0,13.03,11.28,-12.22,-14.3
14,L,101,116,23,14,17,False,0.0,0.0,0.0,0.0,0.0,0.0,0.0,0.0,0.0,0.0,0.0,0.0,-1.0,111.6,125.6,14.48,14.98,-13.12,-8.67
21,L,111,120,23,15,17,False,0.0,0.0,0.0,0.0,0.0,0.0,0.0,0.0,0.0,0.0,0.0,0.0,5.0,110.3,116.7,14.48,11.28,-12.45,-15.39
10,W,119,108,23,14,17,False,0.0,0.0,0.0,0.0,0.0,0.0,0.0,0.0,0.0,0.0,0.0,0.0,1.0,117.4,106.6,9.78,12.48,-16.15,-13.75
2,L,102,108,24,16,17,False,0.0,0.0,0.0,0.0,0.0,0.0,0.0,0.0,0.0,0.0,0.0,0.0,1.0,115.7,116.0,9.78,14.53,-15.15,-9.55
6,L,117,127,24,17,17,False,0.0,0.0,0.0,0.0,0.0,0.0,0.0,0.0,0.0,0.0,0.0,0.0,1.0,107.4,114.8,4.83,12.92,-18.07,-17.74
28,W,132,112,24,16,17,False,0.0,0.0,0.0,0.0,0.0,0.0,0.0,0.0,0.0,0.0,0.0,0.0,1.0,113.5,103.5,9.78,4.87,-14.84,-8.71
1,L,114,125,25,18,17,False,0.0,0.0,0.0,0.0,0.0,0.0,0.0,0.0,0.0,0.0,0.0,0.0,-1.0,99.3,109.3,5.49,12.66,-14.78,-14.61
8,W,116,110,25,17,17,False,0.0,0.0,0.0,0.0,0.0,0.0,0.0,0.0,0.0,0.0,0.0,0.0,5.0,108.0,97.3,5.49,0.85,-15.0,-9.39
5,L,103,113,26,19,17,False,0.0,0.0,0.0,0.0,0.0,0.0,0.0,0.0,0.0,0.0,0.0,0.0,-4.0,99.0,98.5,5.49,11.36,-13.63,-4.85
15,L,98,124,26,20,17,False,0.0,0.0,0.0,0.0,0.0,0.0,0.0,0.0,0.0,0.0,0.0,0.0,-1.0,97.5,112.5,5.49,12.11,-13.63,-10.59
20,L,110,123,26,21,17,False,0.0,0.0,0.0,0.0,0.0,0.0,0.0,0.0,0.0,0.0,0.0,0.0,-3.0,106.0,106.0,6.94,9.14,-13.63,-2.66
15,L,96,100,26,22,17,False,0.0,0.0,0.0,0.0,0.0,0.0,0.0,0.0,0.0,0.0,0.0,0.0,-2.0,97.7,116.3,6.94,12.11,-13.63,-10.59
7,L,98,99,26,23,17,False,0.0,0.0,0.0,0.0,0.0,0.0,0.0,0.0,0.0,0.0,0.0,0.0,4.0,116.6,117.0,5.7,9.42,-12.16,-19.17
17,L,102,111,26,24,17,False,0.0,0.0,0.0,0.0,0.0,0.0,0.0,0.0,0.0,0.0,0.0,0.0,4.0,107.8,109.4,14.21,8.07,-11.66,-16.16
28,L,103,113,26,25,17,False,0.0,0.0,0.0,0.0,0.0,0.0,0.0,0.0,0.0,0.0,0.0,0.0,1.0,119.7,106.3,14.21,6.29,-12.24,-11.75
16,L,110,135,26,26,17,False,0.0,0.0,0.0,0.0,0.0,0.0,0.0,0.0,0.0,0.0,0.0,0.0,-4.0,116.0,125.3,4.83,12.94,-16.75,-11.86
7,L,113,122,26,27,17,False,0.0,0.0,0.0,0.0,0.0,0.0,0.0,0.0,0.0,0.0,0.0,0.0,-5.0,113.4,112.8,14.21,11.79,-12.24,-15.79
6,L,106,111,26,28,17,False,0.0,0.0,0.0,0.0,0.0,0.0,0.0,0.0,0.0,0.0,0.0,0.0,-2.0,112.4,118.6,14.21,11.04,-12.24,-15.73
13,W,131,126,26,27,17,False,0.0,0.0,0.0,0.0,0.0,0.0,0.0,0.0,0.0,0.0,0.0,0.0,-1.0,117.5,108.5,14.21,8.96,-12.24,-7.43
24,W,136,104,27,27,17,False,0.0,0.0,0.0,0.0,0.0,0.0,0.0,0.0,0.0,0.0,0.0,0.0,1.0,114.0,107.2,5.43,5.55,-14.73,-15.95
0,W,116,107,28,27,17,False,0.0,0.0,0.0,0.0,0.0,0.0,0.0,0.0,0.0,0.0,0.0,0.0,-1.0,112.3,112.7,14.21,16.07,-12.24,-10.59
5,L,107,118,29,29,17,False,0.0,0.0,0.0,0.0,0.0,0.0,0.0,0.0,0.0,0.0,0.0,0.0,-1.0,100.3,103.3,14.21,11.36,-12.71,-2.72
19,W,103,100,29,28,17,False,0.0,0.0,0.0,0.0,0.0,0.0,0.0,0.0,0.0,0.0,0.0,0.0,2.0,111.6,112.2,9.25,4.23,-13.8,-7.48
13,L,102,120,30,30,17,False,0.0,0.0,0.0,0.0,0.0,0.0,0.0,0.0,0.0,0.0,0.0,0.0,1.0,120.2,112.0,14.21,13.73,-13.25,-7.5
26,L,110,115,30,31,17,False,0.0,0.0,0.0,0.0,0.0,0.0,0.0,0.0,0.0,0.0,0.0,0.0,2.0,115.7,101.0,12.32,15.52,-9.89,-10.06
18,L,106,128,30,32,17,False,0.0,0.0,0.0,0.0,0.0,0.0,0.0,0.0,0.0,0.0,0.0,0.0,1.0,109.5,107.0,12.32,6.05,-10.64,-6.12
20,L,93,101,30,33,17,False,0.0,0.0,0.0,0.0,0.0,0.0,0.0,0.0,0.0,0.0,0.0,0.0,-3.0,107.3,111.7,12.32,9.14,-11.09,-6.14
23,W,121,110,30,32,17,False,0.0,0.0,0.0,0.0,0.0,0.0,0.0,0.0,0.0,0.0,0.0,0.0,-1.0,112.5,101.0,5.49,4.25,-11.07,-11.86
9,L,99,108,31,34,17,False,0.0,0.0,0.0,0.0,0.0,0.0,0.0,0.0,0.0,0.0,0.0,0.0,1.0,107.0,107.6,7.37,-0.95,-12.64,-13.9
24,L,108,123,31,35,17,False,0.0,0.0,0.0,0.0,0.0,0.0,0.0,0.0,0.0,0.0,0.0,0.0,2.0,118.4,106.6,14.21,5.55,-15.97,-17.68
6,W,113,106,31,34,17,False,0.0,0.0,0.0,0.0,0.0,0.0,0.0,0.0,0.0,0.0,0.0,0.0,-10.0,112.2,113.0,14.21,12.71,-13.62,-13.82
19,L,96,110,32,36,17,False,0.0,0.0,0.0,0.0,0.0,0.0,0.0,0.0,0.0,0.0,0.0,0.0,1.0,112.2,110.6,9.78,4.23,-15.49,-10.75
23,W,127,110,32,35,17,False,0.0,0.0,0.0,0.0,0.0,0.0,0.0,0.0,0.0,0.0,0.0,0.0,1.0,114.2,102.8,9.78,1.63,-14.29,-14.74
13,L,108,123,33,37,17,False,0.0,0.0,0.0,0.0,0.0,0.0,0.0,0.0,0.0,0.0,0.0,0.0,-1.0,116.0,117.0,14.21,8.44,-12.81,-8.9
10,L,112,114,33,38,17,False,0.0,0.0,0.0,0.0,0.0,0.0,0.0,0.0,0.0,0.0,0.0,0.0,1.0,119.6,104.6,14.21,10.59,-12.81,-15.23
10,W,117,107,33,37,17,False,0.0,0.0,0.0,0.0,0.0,0.0,0.0,0.0,0.0,0.0,0.0,0.0,-2.0,118.0,106.0,14.21,10.59,-12.81,-15.23
25,W,119,84,34,37,17,False,0.0,0.0,0.0,0.0,0.0,0.0,0.0,0.0,0.0,0.0,0.0,0.0,1.0,117.6,107.2,14.21,-11.6,-12.81,-10.76
4,W,115,96,35,37,17,False,0.0,0.0,0.0,0.0,0.0,0.0,0.0,0.0,0.0,0.0,0.0,0.0,2.0,115.7,120.0,14.21,10.87,-12.81,-14.97
12,W,131,110,36,37,17,False,0.0,0.0,0.0,0.0,0.0,0.0,0.0,0.0,0.0,0.0,0.0,0.0,1.0,110.6,100.8,14.21,6.4,-12.81,-10.92
23,W,124,90,37,37,17,False,0.0,0.0,0.0,0.0,0.0,0.0,0.0,0.0,0.0,0.0,0.0,0.0,1.0,117.4,105.4,14.21,-15.98,-14.12,-14.99
9,L,109,120,38,39,17,False,0.0,0.0,0.0,0.0,0.0,0.0,0.0,0.0,0.0,0.0,0.0,0.0,-1.0,109.8,104.0,14.21,1.08,-14.12,-8.23
7,W,107,88,38,38,17,False,0.0,0.0,0.0,0.0,0.0,0.0,0.0,0.0,0.0,0.0,0.0,0.0,-9.0,115.0,114.0,14.21,5.2,-14.12,-14.1
12,W,122,114,39,38,17,False,0.0,0.0,0.0,0.0,0.0,0.0,0.0,0.0,0.0,0.0,0.0,0.0,4.0,112.2,102.0,14.21,0.36,-14.12,-13.19
24,L,103,121,40,40,17,False,0.0,0.0,0.0,0.0,0.0,0.0,0.0,0.0,0.0,0.0,0.0,0.0,-2.0,118.2,108.6,14.21,13.75,-14.12,-17.01
14,W,138,131,40,39,17,False,0.0,0.0,0.0,0.0,0.0,0.0,0.0,0.0,0.0,0.0,0.0,0.0,-1.0,110.0,124.6,14.21,10.08,-14.12,-13.93
18,W,113,105,41,39,17,False,0.0,0.0,0.0,0.0,0.0,0.0,0.0,0.0,0.0,0.0,0.0,0.0,-3.0,108.3,114.0,14.21,-1.42,-12.81,-10.26
17,L,108,113,42,41,17,False,0.0,0.0,0.0,0.0,0.0,0.0,0.0,0.0,0.0,0.0,0.0,0.0,-6.0,110.4,112.4,14.21,13.98,-14.12,-15.72
19,L,118,123,42,42,17,False,0.0,0.0,0.0,0.0,0.0,0.0,0.0,0.0,0.0,0.0,0.0,0.0,-1.0,108.8,110.6,14.21,4.23,-13.62,-9.12
14,L,112,115,0,2,18,False,0.0,0.0,0.0,0.0,0.0,0.0,0.0,0.0,0.0,0.0,0.0,0.0,-1.0,111.0,119.0,12.14,3.42,-12.01,-11.72
8,W,130,106,0,1,18,False,0.0,0.0,0.0,0.0,0.0,0.0,0.0,0.0,0.0,0.0,0.0,0.0,3.0,101.0,92.7,13.06,14.86,-10.34,-7.92
20,W,115,102,1,1,18,False,0.0,0.0,0.0,0.0,0.0,0.0,0.0,0.0,0.0,0.0,0.0,0.0,1.0,110.2,99.5,11.75,11.48,-9.38,-8.51
4,W,134,131,2,1,18,False,0.0,0.0,0.0,0.0,0.0,0.0,0.0,0.0,0.0,0.0,0.0,0.0,-1.0,104.5,108.0,12.71,7.01,-9.98,-18.15
16,L,108,119,3,3,18,False,0.0,0.0,0.0,0.0,0.0,0.0,0.0,0.0,0.0,0.0,0.0,0.0,-3.0,104.5,111.2,15.01,7.31,-11.42,-7.94
5,L,108,121,3,4,18,False,0.0,0.0,0.0,0.0,0.0,0.0,0.0,0.0,0.0,0.0,0.0,0.0,-2.0,101.0,113.3,10.31,15.91,-11.62,-11.06
0,L,99,112,3,5,18,False,0.0,0.0,0.0,0.0,0.0,0.0,0.0,0.0,0.0,0.0,0.0,0.0,-2.0,107.0,100.5,10.31,16.07,-12.82,-14.01
21,W,106,104,3,4,18,False,0.0,0.0,0.0,0.0,0.0,0.0,0.0,0.0,0.0,0.0,0.0,0.0,-6.0,108.0,110.8,5.65,-0.59,-10.41,-5.39
1,L,118,133,4,6,18,False,0.0,0.0,0.0,0.0,0.0,0.0,0.0,0.0,0.0,0.0,0.0,0.0,-1.0,107.0,113.0,9.5,10.57,-12.49,-12.47
17,W,120,107,4,5,18,False,0.0,0.0,0.0,0.0,0.0,0.0,0.0,0.0,0.0,0.0,0.0,0.0,-2.0,103.0,100.0,4.29,9.59,-9.49,-13.33
2,L,85,112,5,7,18,False,0.0,0.0,0.0,0.0,0.0,0.0,0.0,0.0,0.0,0.0,0.0,0.0,-1.0,105.2,110.8,4.73,4.45,-11.48,-11.25
8,W,121,112,5,6,18,False,0.0,0.0,0.0,0.0,0.0,0.0,0.0,0.0,0.0,0.0,0.0,0.0,1.0,108.2,96.0,9.5,5.5,-12.72,-13.32
19,L,135,145,6,8,18,False,0.0,0.0,0.0,0.0,0.0,0.0,0.0,0.0,0.0,0.0,0.0,0.0,-2.0,101.5,111.0,9.5,6.97,-13.89,-8.74
27,W,118,111,6,7,18,False,0.0,0.0,0.0,0.0,0.0,0.0,0.0,0.0,0.0,0.0,0.0,0.0,-1.0,98.5,110.5,9.5,10.84,-13.81,-12.45
7,W,106,103,7,7,18,False,0.0,0.0,0.0,0.0,0.0,0.0,0.0,0.0,0.0,0.0,0.0,0.0,-4.0,107.0,122.5,9.5,1.09,-13.81,-17.71
9,L,101,111,8,9,18,False,0.0,0.0,0.0,0.0,0.0,0.0,0.0,0.0,0.0,0.0,0.0,0.0,1.0,106.0,109.5,9.5,11.54,-13.81,-9.67
22,L,95,116,8,10,18,False,0.0,0.0,0.0,0.0,0.0,0.0,0.0,0.0,0.0,0.0,0.0,0.0,-7.0,105.5,116.5,6.39,8.22,-11.98,-12.76
19,W,129,119,8,9,18,False,0.0,0.0,0.0,0.0,0.0,0.0,0.0,0.0,0.0,0.0,0.0,0.0,-1.0,112.7,122.3,6.05,7.43,-12.45,-9.27
23,L,129,132,9,11,18,False,0.0,0.0,0.0,0.0,0.0,0.0,0.0,0.0,0.0,0.0,0.0,0.0,1.0,115.5,105.0,6.05,9.1,-12.45,-6.29
14,L,123,127,9,12,18,False,0.0,0.0,0.0,0.0,0.0,0.0,0.0,0.0,0.0,0.0,0.0,0.0,-1.0,111.3,117.7,6.05,10.5,-11.26,-9.3
8,W,140,110,9,11,18,False,0.0,0.0,0.0,0.0,0.0,0.0,0.0,0.0,0.0,0.0,0.0,0.0,1.0,110.8,99.2,6.05,-0.78,-11.26,-8.88
16,L,103,109,10,13,18,False,0.0,0.0,0.0,0.0,0.0,0.0,0.0,0.0,0.0,0.0,0.0,0.0,-1.0,105.2,112.8,6.05,13.32,-9.75,-10.75
6,L,100,121,10,14,18,False,0.0,0.0,0.0,0.0,0.0,0.0,0.0,0.0,0.0,0.0,0.0,0.0,3.0,107.5,81.0,6.05,11.04,-9.75,-13.56
5,W,92,81,10,13,18,False,0.0,0.0,0.0,0.0,0.0,0.0,0.0,0.0,0.0,0.0,0.0,0.0,-2.0,102.8,115.2,6.05,5.74,-9.75,-4.39
0,W,113,89,11,13,18,False,0.0,0.0,0.0,0.0,0.0,0.0,0.0,0.0,0.0,0.0,0.0,0.0,-3.0,105.4,102.8,6.05,5.31,-9.75,-10.51
4,W,121,102,12,13,18,False,0.0,0.0,0.0,0.0,0.0,0.0,0.0,0.0,0.0,0.0,0.0,0.0,3.0,110.4,112.6,6.05,6.76,-10.4,-12.01
24,W,112,99,13,13,18,False,0.0,0.0,0.0,0.0,0.0,0.0,0.0,0.0,0.0,0.0,0.0,0.0,2.0,123.5,105.5,6.05,5.55,-10.4,-15.83
3,W,128,120,14,13,18,False,0.0,0.0,0.0,0.0,0.0,0.0,0.0,0.0,0.0,0.0,0.0,0.0,4.0,107.8,108.8,6.05,8.95,-10.4,-12.8
3,W,114,91,15,13,18,False,0.0,0.0,0.0,0.0,0.0,0.0,0.0,0.0,0.0,0.0,0.0,0.0,5.0,111.8,111.0,6.05,8.95,-12.01,-10.19
11,W,109,106,16,13,18,False,0.0,0.0,0.0,0.0,0.0,0.0,0.0,0.0,0.0,0.0,0.0,0.0,1.0,99.0,102.8,6.05,5.42,-12.01,-7.88
9,W,132,94,17,13,18,False,0.0,0.0,0.0,0.0,0.0,0.0,0.0,0.0,0.0,0.0,0.0,0.0,-1.0,104.3,110.0,6.05,-0.4,-12.01,-15.33
26,L,106,113,18,15,18,False,0.0,0.0,0.0,0.0,0.0,0.0,0.0,0.0,0.0,0.0,0.0,0.0,2.0,100.2,104.2,10.24,9.34,-14.34,-10.63
3,L,117,118,18,16,18,False,0.0,0.0,0.0,0.0,0.0,0.0,0.0,0.0,0.0,0.0,0.0,0.0,6.0,113.8,108.6,6.05,11.4,-12.01,-17.69
21,L,112,119,18,17,18,False,0.0,0.0,0.0,0.0,0.0,0.0,0.0,0.0,0.0,0.0,0.0,0.0,1.0,107.6,109.4,6.05,11.28,-12.01,-19.71
6,L,121,126,18,18,18,False,0.0,0.0,0.0,0.0,0.0,0.0,0.0,0.0,0.0,0.0,0.0,0.0,-2.0,105.0,94.3,2.59,12.92,-10.08,-12.22
25,L,115,122,18,19,18,False,0.0,0.0,0.0,0.0,0.0,0.0,0.0,0.0,0.0,0.0,0.0,0.0,1.0,116.0,102.5,-5.91,1.55,-11.9,-11.16
10,W,108,88,18,18,18,False,0.0,0.0,0.0,0.0,0.0,0.0,0.0,0.0,0.0,0.0,0.0,0.0,1.0,111.0,101.0,-5.91,8.24,-11.9,-13.79
22,W,102,83,19,18,18,False,0.0,0.0,0.0,0.0,0.0,0.0,0.0,0.0,0.0,0.0,0.0,0.0,-2.0,102.0,116.3,2.57,2.79,-14.34,-13.36
25,W,117,114,20,18,18,False,0.0,0.0,0.0,0.0,0.0,0.0,0.0,0.0,0.0,0.0,0.0,0.0,-5.0,115.7,109.0,2.57,1.55,-12.53,-10.1
26,W,112,108,21,18,18,False,0.0,0.0,0.0,0.0,0.0,0.0,0.0,0.0,0.0,0.0,0.0,0.0,-1.0,101.4,106.0,2.57,17.43,-12.53,-13.5
16,L,107,111,22,20,18,False,0.0,0.0,0.0,0.0,0.0,0.0,0.0,0.0,0.0,0.0,0.0,0.0,-1.0,103.2,115.0,2.57,12.94,-12.53,-12.69
11,W,119,113,22,19,18,False,0.0,0.0,0.0,0.0,0.0,0.0,0.0,0.0,0.0,0.0,0.0,0.0,7.0,101.0,103.4,6.05,1.63,-11.26,-5.73
28,W,112,108,23,19,18,False,0.0,0.0,0.0,0.0,0.0,0.0,0.0,0.0,0.0,0.0,0.0,0.0,1.0,110.3,104.3,6.05,2.53,-11.26,-10.5
8,W,117,104,24,19,18,False,0.0,0.0,0.0,0.0,0.0,0.0,0.0,0.0,0.0,0.0,0.0,0.0,1.0,117.8,103.0,6.05,-0.35,-11.26,-12.64
26,L,121,123,25,21,18,False,0.0,0.0,0.0,0.0,0.0,0.0,0.0,0.0,0.0,0.0,0.0,0.0,4.0,103.0,105.0,6.05,17.43,-11.26,-14.56
28,L,105,116,25,22,18,False,0.0,0.0,0.0,0.0,0.0,0.0,0.0,0.0,0.0,0.0,0.0,0.0,2.0,110.8,105.2,6.05,9.9,-11.26,-8.13
0,L,124,139,25,23,18,False,0.0,0.0,0.0,0.0,0.0,0.0,0.0,0.0,0.0,0.0,0.0,0.0,2.0,108.2,102.6,1.61,16.07,-9.93,-11.84
26,L,116,125,25,24,18,False,0.0,0.0,0.0,0.0,0.0,0.0,0.0,0.0,0.0,0.0,0.0,0.0,-1.0,109.8,111.6,1.61,15.67,-9.93,-16.9
5,W,105,103,25,23,18,False,0.0,0.0,0.0,0.0,0.0,0.0,0.0,0.0,0.0,0.0,0.0,0.0,1.0,100.6,108.4,1.61,11.36,-11.23,-3.83
1,W,120,117,26,23,18,False,0.0,0.0,0.0,0.0,0.0,0.0,0.0,0.0,0.0,0.0,0.0,0.0,-1.0,109.2,117.0,1.61,11.9,-11.23,-12.57
2,L,115,122,27,25,18,False,0.0,0.0,0.0,0.0,0.0,0.0,0.0,0.0,0.0,0.0,0.0,0.0,-1.0,101.2,111.0,1.61,6.96,-9.93,-14.67
13,L,123,129,27,26,18,False,0.0,0.0,0.0,0.0,0.0,0.0,0.0,0.0,0.0,0.0,0.0,0.0,-2.0,110.5,111.0,1.61,9.6,-9.93,-8.58
15,W,106,104,27,25,18,False,0.0,0.0,0.0,0.0,0.0,0.0,0.0,0.0,0.0,0.0,0.0,0.0,2.0,102.3,109.3,-1.85,12.11,-8.0,-10.81
12,L,128,134,28,27,18,False,0.0,0.0,0.0,0.0,0.0,0.0,0.0,0.0,0.0,0.0,0.0,0.0,1.0,113.0,97.5,1.61,3.3,-9.93,-10.8
21,W,108,97,28,26,18,False,0.0,0.0,0.0,0.0,0.0,0.0,0.0,0.0,0.0,0.0,0.0,0.0,-3.0,107.6,113.4,-1.87,11.28,-7.99,-14.3
20,W,102,98,29,26,18,False,0.0,0.0,0.0,0.0,0.0,0.0,0.0,0.0,0.0,0.0,0.0,0.0,2.0,111.2,100.0,1.61,9.14,-9.93,-4.97
21,L,108,119,30,28,18,False,0.0,0.0,0.0,0.0,0.0,0.0,0.0,0.0,0.0,0.0,0.0,0.0,1.0,108.6,113.6,1.61,11.28,-7.52,-12.72
27,W,126,120,30,27,18,False,0.0,0.0,0.0,0.0,0.0,0.0,0.0,0.0,0.0,0.0,0.0,0.0,1.0,105.0,110.7,1.61,6.64,-5.54,-15.85
2,W,124,106,31,27,18,False,0.0,0.0,0.0,0.0,0.0,0.0,0.0,0.0,0.0,0.0,0.0,0.0,-1.0,102.2,113.0,1.61,7.74,-3.67,-9.14
0,W,122,101,32,27,18,False,0.0,0.0,0.0,0.0,0.0,0.0,0.0,0.0,0.0,0.0,0.0,0.0,-3.0,112.8,113.0,1.61,16.07,-3.67,-8.05
28,W,115,109,33,27,18,False,0.0,0.0,0.0,0.0,0.0,0.0,0.0,0.0,0.0,0.0,0.0,0.0,-2.0,109.6,107.4,6.05,9.9,-6.11,-14.91
1,W,109,94,35,27,18,False,0.0,0.0,0.0,0.0,0.0,0.0,0.0,0.0,0.0,0.0,0.0,0.0,2.0,105.6,113.6,6.05,8.03,-5.37,-10.2
2,W,142,118,36,27,18,False,0.0,0.0,0.0,0.0,0.0,0.0,0.0,0.0,0.0,0.0,0.0,0.0,2.0,105.8,112.0,6.05,7.74,-5.37,-8.74
15,W,122,120,37,27,18,False,0.0,0.0,0.0,0.0,0.0,0.0,0.0,0.0,0.0,0.0,0.0,0.0,1.0,103.2,108.0,6.05,8.62,-6.12,-8.64
1,W,131,129,38,27,18,False,0.0,0.0,0.0,0.0,0.0,0.0,0.0,0.0,0.0,0.0,0.0,0.0,6.0,106.0,109.6,2.59,13.95,-7.02,-11.96
4,L,105,112,39,29,18,False,0.0,0.0,0.0,0.0,0.0,0.0,0.0,0.0,0.0,0.0,0.0,0.0,3.0,115.4,112.2,2.59,7.11,-7.02,-11.84
24,L,117,122,39,30,18,False,0.0,0.0,0.0,0.0,0.0,0.0,0.0,0.0,0.0,0.0,0.0,0.0,4.0,119.7,103.3,6.05,13.75,-6.12,-16.56
12,L,95,106,39,31,18,False,0.0,0.0,0.0,0.0,0.0,0.0,0.0,0.0,0.0,0.0,0.0,0.0,-1.0,118.0,109.7,2.59,7.51,-9.23,-7.1
13,W,112,108,39,30,18,False,0.0,0.0,0.0,0.0,0.0,0.0,0.0,0.0,0.0,0.0,0.0,0.0,-2.0,114.7,117.0,2.59,8.44,-9.23,-8.9
23,W,123,107,40,30,18,False,0.0,0.0,0.0,0.0,0.0,0.0,0.0,0.0,0.0,0.0,0.0,0.0,-1.0,120.0,114.0,2.59,4.54,-9.23,-15.39
7,W,116,110,41,30,18,False,0.0,0.0,0.0,0.0,0.0,0.0,0.0,0.0,0.0,0.0,0.0,0.0,2.0,106.7,116.0,6.05,11.79,-8.19,-13.51
17,L,134,140,42,32,18,False,0.0,0.0,0.0,0.0,0.0,0.0,0.0,0.0,0.0,0.0,0.0,0.0,1.0,108.7,102.3,6.05,0.7,-8.19,-15.57
15,L,120,127,42,33,18,False,0.0,0.0,0.0,0.0,0.0,0.0,0.0,0.0,0.0,0.0,0.0,0.0,8.0,107.0,110.4,6.05,8.62,-8.19,-9.49
20,L,106,111,42,34,18,False,0.0,0.0,0.0,0.0,0.0,0.0,0.0,0.0,0.0,0.0,0.0,0.0,2.0,107.4,100.4,2.59,9.14,-6.27,-9.61
10,W,137,115,42,33,18,False,0.0,0.0,0.0,0.0,0.0,0.0,0.0,0.0,0.0,0.0,0.0,0.0,1.0,110.0,96.7,2.59,10.59,-9.44,-16.96
15,W,101,92,43,33,18,False,0.0,0.0,0.0,0.0,0.0,0.0,0.0,0.0,0.0,0.0,0.0,0.0,-2.0,111.8,113.8,6.05,8.62,-8.34,-8.49
5,W,130,116,44,33,18,False,0.0,0.0,0.0,0.0,0.0,0.0,0.0,0.0,0.0,0.0,0.0,0.0,1.0,99.8,103.8,1.71,14.32,-8.88,-11.15
28,W,118,109,45,33,18,False,0.0,0.0,0.0,0.0,0.0,0.0,0.0,0.0,0.0,0.0,0.0,0.0,4.0,109.2,104.4,-1.77,-9.82,-12.43,-18.13
11,W,138,129,46,33,18,False,0.0,0.0,0.0,0.0,0.0,0.0,0.0,0.0,0.0,0.0,0.0,0.0,1.0,105.2,103.8,-3.2,-1.51,-8.99,-10.16
11,L,136,141,47,36,18,False,0.0,0.0,0.0,0.0,0.0,0.0,0.0,0.0,0.0,0.0,0.0,0.0,5.0,114.4,112.8,-1.76,-3.59,-9.9,-8.91
5,W,101,97,0,0,18,True,0.0,0.0,0.0,0.0,0.0,0.0,0.0,0.0,0.0,0.0,0.0,0.0,3.0,107.2,108.0,6.05,11.36,-11.17,-9.46
5,L,90,107,1,2,18,True,0.0,0.0,0.0,0.0,0.0,0.0,0.0,0.0,0.0,0.0,0.0,0.0,1.0,107.2,103.6,6.05,11.36,-8.19,-6.46
5,W,99,79,1,1,18,True,0.0,0.0,0.0,0.0,0.0,0.0,0.0,0.0,0.0,0.0,0.0,0.0,-1.0,103.6,100.8,6.05,18.86,-6.31,-10.63
5,W,102,93,2,1,18,True,0.0,0.0,0.0,0.0,0.0,0.0,0.0,0.0,0.0,0.0,0.0,0.0,1.0,105.0,100.4,12.28,18.86,-10.26,-10.63
5,W,106,95,3,1,18,True,0.0,0.0,0.0,0.0,0.0,0.0,0.0,0.0,0.0,0.0,0.0,0.0,2.0,104.4,98.4,12.28,18.86,-10.26,-10.63
15,L,101,108,4,3,18,True,0.0,0.0,0.0,0.0,0.0,0.0,0.0,0.0,0.0,0.0,0.0,0.0,2.0,112.0,109.2,7.94,6.95,-7.55,-12.32
15,W,111,105,4,2,18,True,0.0,0.0,0.0,0.0,0.0,0.0,0.0,0.0,0.0,0.0,0.0,0.0,-1.0,110.0,110.2,12.28,3.16,-10.26,-14.41
15,L,86,105,5,4,18,True,0.0,0.0,0.0,0.0,0.0,0.0,0.0,0.0,0.0,0.0,0.0,0.0,1.0,111.0,110.4,12.28,6.95,-10.26,-10.83
15,L,101,109,5,5,18,True,0.0,0.0,0.0,0.0,0.0,0.0,0.0,0.0,0.0,0.0,0.0,0.0,-1.0,103.8,107.4,6.05,6.95,-7.34,-12.32
15,W,112,103,5,4,18,True,0.0,0.0,0.0,0.0,0.0,0.0,0.0,0.0,0.0,0.0,0.0,0.0,-2.0,100.0,103.8,6.05,6.95,-7.34,-12.32
15,L,92,96,6,6,18,True,0.0,0.0,0.0,0.0,0.0,0.0,0.0,0.0,0.0,0.0,0.0,0.0,1.0,102.2,106.0,6.05,6.95,-7.34,-12.32
17,L,108,115,0,2,19,False,0.0,0.0,0.0,0.0,0.0,0.0,0.0,0.0,0.0,0.0,0.0,0.0,-4.0,99.5,125.8,1.48,15.07,-13.04,-16.32
7,L,117,122,0,3,19,False,0.0,0.0,0.0,0.0,0.0,0.0,0.0,0.0,0.0,0.0,0.0,0.0,-1.0,107.2,103.2,1.65,14.18,-10.43,-10.95
17,L,106,116,0,4,19,False,0.0,0.0,0.0,0.0,0.0,0.0,0.0,0.0,0.0,0.0,0.0,0.0,-1.0,101.2,123.6,-3.38,17.24,-11.59,-16.76
12,W,108,94,0,3,19,False,0.0,0.0,0.0,0.0,0.0,0.0,0.0,0.0,0.0,0.0,0.0,0.0,-3.0,95.3,113.3,0.08,-3.4,-8.5,-11.86
12,W,118,110,1,3,19,False,0.0,0.0,0.0,0.0,0.0,0.0,0.0,0.0,0.0,0.0,0.0,0.0,1.0,98.5,108.5,3.97,4.14,-10.33,-10.68
6,W,117,111,2,3,19,False,0.0,0.0,0.0,0.0,0.0,0.0,0.0,0.0,0.0,0.0,0.0,0.0,2.0,98.0,104.0,7.25,7.38,-7.14,-2.55
20,W,116,108,3,3,19,False,0.0,0.0,0.0,0.0,0.0,0.0,0.0,0.0,0.0,0.0,0.0,0.0,1.0,101.5,96.0,6.02,9.63,-4.71,-13.22
7,L,110,122,4,5,19,False,0.0,0.0,0.0,0.0,0.0,0.0,0.0,0.0,0.0,0.0,0.0,0.0,-2.0,109.2,107.0,6.44,11.79,-7.14,-13.99
16,L,94,108,4,6,19,False,0.0,0.0,0.0,0.0,0.0,0.0,0.0,0.0,0.0,0.0,0.0,0.0,-3.0,102.0,119.0,7.32,2.85,-5.73,-10.21
8,L,103,112,4,7,19,False,0.0,0.0,0.0,0.0,0.0,0.0,0.0,0.0,0.0,0.0,0.0,0.0,-2.0,107.5,106.5,6.67,11.14,-9.64,-13.66
16,L,132,136,4,8,19,False,0.0,0.0,0.0,0.0,0.0,0.0,0.0,0.0,0.0,0.0,0.0,0.0,-2.0,99.3,115.3,6.97,-0.44,-5.82,-14.57
26,W,132,113,4,7,19,False,0.0,0.0,0.0,0.0,0.0,0.0,0.0,0.0,0.0,0.0,0.0,0.0,-3.0,104.0,113.0,8.6,8.57,-8.12,-14.71
1,L,122,126,6,9,19,False,0.0,0.0,0.0,0.0,0.0,0.0,0.0,0.0,0.0,0.0,0.0,0.0,-10.0,114.0,121.5,6.34,13.3,-10.87,-14.37
28,W,121,120,6,8,19,False,0.0,0.0,0.0,0.0,0.0,0.0,0.0,0.0,0.0,0.0,0.0,0.0,-5.0,108.5,111.5,8.6,10.3,-12.61,-8.72
14,L,110,121,7,10,19,False,0.0,0.0,0.0,0.0,0.0,0.0,0.0,0.0,0.0,0.0,0.0,0.0,-5.0,99.7,125.3,6.34,9.04,-8.98,-7.49
7,L,126,131,7,12,19,False,0.0,0.0,0.0,0.0,0.0,0.0,0.0,0.0,0.0,0.0,0.0,0.0,-1.0,109.6,112.6,6.97,4.17,-7.32,-20.97
3,W,123,119,7,11,19,False,0.0,0.0,0.0,0.0,0.0,0.0,0.0,0.0,0.0,0.0,0.0,0.0,-5.0,105.5,108.5,6.34,11.4,-6.88,-13.08
10,L,105,118,8,13,19,False,0.0,0.0,0.0,0.0,0.0,0.0,0.0,0.0,0.0,0.0,0.0,0.0,-7.0,97.8,107.2,6.34,12.48,-6.93,-13.44
25,W,119,111,8,13,19,False,0.0,0.0,0.0,0.0,0.0,0.0,0.0,0.0,0.0,0.0,0.0,0.0,-7.0,105.2,112.0,-2.0,1.0,-6.97,-12.68
17,W,135,128,9,13,19,False,0.0,0.0,0.0,0.0,0.0,0.0,0.0,0.0,0.0,0.0,0.0,0.0,-3.0,104.4,127.2,6.97,6.72,-8.57,-10.71
0,W,121,114,10,13,19,False,0.0,0.0,0.0,0.0,0.0,0.0,0.0,0.0,0.0,0.0,0.0,0.0,-1.0,109.5,124.5,6.67,5.31,-9.64,-12.59
14,L,102,123,11,15,19,False,0.0,0.0,0.0,0.0,0.0,0.0,0.0,0.0,0.0,0.0,0.0,0.0,-1.0,102.2,124.2,3.24,10.68,-8.7,-6.31
5,L,102,110,11,16,19,False,0.0,0.0,0.0,0.0,0.0,0.0,0.0,0.0,0.0,0.0,0.0,0.0,-5.0,94.5,100.5,6.97,9.83,-8.84,-14.85
6,L,114,121,11,17,19,False,0.0,0.0,0.0,0.0,0.0,0.0,0.0,0.0,0.0,0.0,0.0,0.0,3.0,101.8,105.4,6.34,11.04,-6.96,-5.77
15,L,108,110,11,18,19,False,0.0,0.0,0.0,0.0,0.0,0.0,0.0,0.0,0.0,0.0,0.0,0.0,-8.0,99.0,111.5,6.18,9.41,-6.86,-14.76
17,L,110,112,11,19,19,False,0.0,0.0,0.0,0.0,0.0,0.0,0.0,0.0,0.0,0.0,0.0,0.0,2.0,110.4,125.8,6.34,-4.15,-9.0,-16.25
14,W,115,109,11,18,19,False,0.0,0.0,0.0,0.0,0.0,0.0,0.0,0.0,0.0,0.0,0.0,0.0,-1.0,102.2,124.0,-9.26,10.68,-5.35,-7.58
23,W,123,121,12,18,19,False,0.0,0.0,0.0,0.0,0.0,0.0,0.0,0.0,0.0,0.0,0.0,0.0,2.0,106.5,99.8,5.41,10.8,-11.66,-12.4
23,W,101,98,13,18,19,False,0.0,0.0,0.0,0.0,0.0,0.0,0.0,0.0,0.0,0.0,0.0,0.0,2.0,109.8,104.0,6.34,15.37,-9.79,-11.68
25,W,130,114,14,19,19,False,0.0,0.0,0.0,0.0,0.0,0.0,0.0,0.0,0.0,0.0,0.0,0.0,1.0,108.0,111.8,6.34,8.04,-5.15,-11.77
4,L,113,121,15,21,19,False,0.0,0.0,0.0,0.0,0.0,0.0,0.0,0.0,0.0,0.0,0.0,0.0,-6.0,107.0,127.5,4.23,10.89,-6.85,-6.91
21,L,96,115,15,22,19,False,0.0,0.0,0.0,0.0,0.0,0.0,0.0,0.0,0.0,0.0,0.0,0.0,-4.0,95.0,107.5,4.23,-2.14,-7.41,-19.5
1,W,150,117,15,21,19,False,0.0,0.0,0.0,0.0,0.0,0.0,0.0,0.0,0.0,0.0,0.0,0.0,-1.0,116.7,123.0,0.1,13.95,-1.7,-12.91
20,L,115,126,16,23,19,False,0.0,0.0,0.0,0.0,0.0,0.0,0.0,0.0,0.0,0.0,0.0,0.0,4.0,106.3,100.0,4.23,3.87,-6.03,-3.99
28,W,127,110,16,22,19,False,0.0,0.0,0.0,0.0,0.0,0.0,0.0,0.0,0.0,0.0,0.0,0.0,1.0,112.7,114.3,6.7,4.87,-7.53,-10.84
6,W,120,109,17,22,19,False,0.0,0.0,0.0,0.0,0.0,0.0,0.0,0.0,0.0,0.0,0.0,0.0,-3.0,107.8,109.0,6.81,5.2,-9.02,-20.61
15,L,111,112,18,24,19,False,0.0,0.0,0.0,0.0,0.0,0.0,0.0,0.0,0.0,0.0,0.0,0.0,-4.0,102.0,111.0,4.59,-1.8,-7.64,-4.82
21,W,133,114,18,23,19,False,0.0,0.0,0.0,0.0,0.0,0.0,0.0,0.0,0.0,0.0,0.0,0.0,-2.0,95.3,110.0,4.23,16.32,-7.41,-17.45
3,W,124,110,19,23,19,False,0.0,0.0,0.0,0.0,0.0,0.0,0.0,0.0,0.0,0.0,0.0,0.0,1.0,111.3,112.0,6.7,5.93,-7.79,-13.16
2,W,112,102,20,23,19,False,0.0,0.0,0.0,0.0,0.0,0.0,0.0,0.0,0.0,0.0,0.0,0.0,1.0,113.0,114.5,4.23,4.6,-6.03,-10.77
11,W,126,106,21,23,19,False,0.0,0.0,0.0,0.0,0.0,0.0,0.0,0.0,0.0,0.0,0.0,0.0,1.0,119.5,119.0,6.81,3.94,-7.29,-11.63
24,L,113,118,22,25,19,False,0.0,0.0,0.0,0.0,0.0,0.0,0.0,0.0,0.0,0.0,0.0,0.0,-1.0,107.2,116.0,4.23,13.75,-6.03,-15.48
7,W,101,99,22,24,19,False,0.0,0.0,0.0,0.0,0.0,0.0,0.0,0.0,0.0,0.0,0.0,0.0,-3.0,115.8,119.0,6.7,-0.44,-9.0,-15.91
0,L,132,137,23,26,19,False,0.0,0.0,0.0,0.0,0.0,0.0,0.0,0.0,0.0,0.0,0.0,0.0,3.0,113.3,121.0,6.81,16.59,-8.75,-13.64
5,W,112,100,23,25,19,False,0.0,0.0,0.0,0.0,0.0,0.0,0.0,0.0,0.0,0.0,0.0,0.0,-2.0,97.0,103.7,2.76,8.08,-8.3,-9.91
9,L,120,128,24,27,19,False,0.0,0.0,0.0,0.0,0.0,0.0,0.0,0.0,0.0,0.0,0.0,0.0,-2.0,92.7,106.3,5.34,12.79,-10.45,-11.37
10,L,106,112,24,28,19,False,0.0,0.0,0.0,0.0,0.0,0.0,0.0,0.0,0.0,0.0,0.0,0.0,-1.0,99.2,109.4,-1.5,2.25,-4.76,-14.29
10,W,153,121,24,27,19,False,0.0,0.0,0.0,0.0,0.0,0.0,0.0,0.0,0.0,0.0,0.0,0.0,-2.0,102.2,107.0,5.23,3.84,-10.36,-13.0
9,L,114,141,25,29,19,False,0.0,0.0,0.0,0.0,0.0,0.0,0.0,0.0,0.0,0.0,0.0,0.0,-1.0,99.5,111.8,2.76,2.13,-8.67,-9.45
13,W,133,130,25,28,19,False,0.0,0.0,0.0,0.0,0.0,0.0,0.0,0.0,0.0,0.0,0.0,0.0,-2.0,106.5,113.8,1.27,8.96,-7.61,-7.38
23,W,138,129,26,28,19,False,0.0,0.0,0.0,0.0,0.0,0.0,0.0,0.0,0.0,0.0,0.0,0.0,3.0,110.4,107.4,5.34,7.69,-8.18,-14.97
10,W,133,96,27,29,19,False,0.0,0.0,0.0,0.0,0.0,0.0,0.0,0.0,0.0,0.0,0.0,0.0,1.0,112.6,113.4,4.23,5.79,-8.68,-17.75
27,L,119,120,28,31,19,False,0.0,0.0,0.0,0.0,0.0,0.0,0.0,0.0,0.0,0.0,0.0,0.0,-1.0,98.5,117.5,4.23,6.04,-8.68,-14.1
22,L,115,124,28,32,19,False,0.0,0.0,0.0,0.0,0.0,0.0,0.0,0.0,0.0,0.0,0.0,0.0,1.0,104.8,112.0,-6.73,3.3,-8.11,-6.58
24,L,115,124,28,33,19,False,0.0,0.0,0.0,0.0,0.0,0.0,0.0,0.0,0.0,0.0,0.0,0.0,-1.0,108.4,116.4,-6.73,13.75,-7.09,-16.09
24,L,117,123,28,34,19,False,0.0,0.0,0.0,0.0,0.0,0.0,0.0,0.0,0.0,0.0,0.0,0.0,-3.0,110.4,120.6,-6.73,5.55,-4.93,-16.37
13,L,117,123,28,35,19,False,0.0,0.0,0.0,0.0,0.0,0.0,0.0,0.0,0.0,0.0,0.0,0.0,1.0,111.8,117.0,-4.11,-2.74,-9.15,-10.09
27,W,130,103,28,34,19,False,0.0,0.0,0.0,0.0,0.0,0.0,0.0,0.0,0.0,0.0,0.0,0.0,-1.0,102.6,118.0,-6.73,-0.21,-9.05,-10.96
27,W,129,119,29,34,19,False,0.0,0.0,0.0,0.0,0.0,0.0,0.0,0.0,0.0,0.0,0.0,0.0,1.0,111.4,117.2,4.23,-1.7,-11.16,-15.36
9,W,137,128,30,34,19,False,0.0,0.0,0.0,0.0,0.0,0.0,0.0,0.0,0.0,0.0,0.0,0.0,-1.0,102.4,117.6,6.49,1.08,-13.2,-10.71
22,L,101,132,31,36,19,False,0.0,0.0,0.0,0.0,0.0,0.0,0.0,0.0,0.0,0.0,0.0,0.0,-2.0,106.8,114.4,-4.48,3.3,-12.26,-2.84
25,W,102,90,32,35,19,False,0.0,0.0,0.0,0.0,0.0,0.0,0.0,0.0,0.0,0.0,0.0,0.0,1.0,114.2,115.8,-6.73,-6.25,-9.45,-14.35
2,W,121,107,33,35,19,False,0.0,0.0,0.0,0.0,0.0,0.0,0.0,0.0,0.0,0.0,0.0,0.0,3.0,112.7,110.3,4.23,7.74,-9.12,-8.67
26,L,111,128,34,37,19,False,0.0,0.0,0.0,0.0,0.0,0.0,0.0,0.0,0.0,0.0,0.0,0.0,1.0,113.3,113.0,4.23,15.79,-10.52,-8.09
22,W,124,120,34,36,19,False,0.0,0.0,0.0,0.0,0.0,0.0,0.0,0.0,0.0,0.0,0.0,0.0,-1.0,106.8,118.2,4.23,-0.31,-10.38,-5.98
12,W,101,100,35,36,19,False,0.0,0.0,0.0,0.0,0.0,0.0,0.0,0.0,0.0,0.0,0.0,0.0,2.0,102.4,108.8,4.23,7.51,-10.38,-7.1
12,L,105,127,36,38,19,False,0.0,0.0,0.0,0.0,0.0,0.0,0.0,0.0,0.0,0.0,0.0,0.0,2.0,103.8,109.0,4.23,6.4,-9.89,-9.91
13,L,111,116,36,39,19,False,0.0,0.0,0.0,0.0,0.0,0.0,0.0,0.0,0.0,0.0,0.0,0.0,-5.0,110.6,118.6,4.23,3.52,-9.81,-5.38
23,W,118,112,36,38,19,False,0.0,0.0,0.0,0.0,0.0,0.0,0.0,0.0,0.0,0.0,0.0,0.0,2.0,118.8,114.6,4.23,-15.61,-9.03,-15.3
4,L,134,137,37,40,19,False,0.0,0.0,0.0,0.0,0.0,0.0,0.0,0.0,0.0,0.0,0.0,0.0,-1.0,109.0,125.3,-6.73,-9.02,-9.91,-17.02
8,W,107,106,37,39,19,False,0.0,0.0,0.0,0.0,0.0,0.0,0.0,0.0,0.0,0.0,0.0,0.0,-3.0,106.0,108.3,-6.73,-4.81,-9.76,-15.17
11,L,117,121,38,41,19,False,0.0,0.0,0.0,0.0,0.0,0.0,0.0,0.0,0.0,0.0,0.0,0.0,4.0,121.7,114.7,4.23,-1.51,-9.81,-9.38
22,L,118,128,38,42,19,False,0.0,0.0,0.0,0.0,0.0,0.0,0.0,0.0,0.0,0.0,0.0,0.0,1.0,112.2,119.2,4.23,11.41,-9.81,-6.73
9,L,125,136,38,43,19,False,0.0,0.0,0.0,0.0,0.0,0.0,0.0,0.0,0.0,0.0,0.0,0.0,3.0,110.2,122.0,4.23,2.54,-11.21,-10.16
27,W,114,98,38,42,19,False,0.0,0.0,0.0,0.0,0.0,0.0,0.0,0.0,0.0,0.0,0.0,0.0,2.0,116.4,119.0,4.23,-7.27,-11.12,-15.73
14,W,115,100,39,42,19,False,0.0,0.0,0.0,0.0,0.0,0.0,0.0,0.0,0.0,0.0,0.0,0.0,1.0,109.4,115.4,-10.47,-13.23,-8.32,-0.5
17,L,95,120,41,44,19,False,0.0,0.0,0.0,0.0,0.0,0.0,0.0,0.0,0.0,0.0,0.0,0.0,-5.0,112.2,120.6,4.23,9.17,-9.12,-14.89
8,L,109,113,0,2,20,False,0.0,0.0,0.0,0.0,0.0,0.0,0.0,0.0,0.0,0.0,0.0,0.0,-3.0,108.5,111.0,4.75,7.48,-4.34,-13.54
0,L,98,108,0,3,20,False,0.0,0.0,0.0,0.0,0.0,0.0,0.0,0.0,0.0,0.0,0.0,0.0,-4.0,105.8,117.0,14.83,13.55,-2.61,-11.55
1,L,120,126,0,4,20,False,0.0,0.0,0.0,0.0,0.0,0.0,0.0,0.0,0.0,0.0,0.0,0.0,-2.0,91.0,108.0,11.05,12.43,-5.28,-9.62
5,L,92,103,0,6,20,False,0.0,0.0,0.0,0.0,0.0,0.0,0.0,0.0,0.0,0.0,0.0,0.0,1.0,104.3,109.0,11.08,9.35,-13.15,-4.09
4,W,113,93,0,5,20,False,0.0,0.0,0.0,0.0,0.0,0.0,0.0,0.0,0.0,0.0,0.0,0.0,-1.0,106.8,115.8,9.63,8.23,-15.09,-15.44
6,L,105,114,1,7,20,False,0.0,0.0,0.0,0.0,0.0,0.0,0.0,0.0,0.0,0.0,0.0,0.0,2.0,101.0,108.0,9.63,9.07,-15.22,-6.04
9,W,130,129,1,7,20,False,0.0,0.0,0.0,0.0,0.0,0.0,0.0,0.0,0.0,0.0,0.0,0.0,2.0,94.5,108.0,8.31,11.54,-15.73,-10.56
24,L,123,126,2,9,20,False,0.0,0.0,0.0,0.0,0.0,0.0,0.0,0.0,0.0,0.0,0.0,0.0,-2.0,120.0,128.0,8.85,13.75,-12.36,-14.44
10,L,127,134,2,10,20,False,0.0,0.0,0.0,0.0,0.0,0.0,0.0,0.0,0.0,0.0,0.0,0.0,1.0,117.5,114.5,9.0,12.48,-12.76,-13.03
6,W,94,87,2,9,20,False,0.0,0.0,0.0,0.0,0.0,0.0,0.0,0.0,0.0,0.0,0.0,0.0,-1.0,102.3,110.0,1.51,10.18,-5.94,-9.91
22,W,114,97,3,9,20,False,0.0,0.0,0.0,0.0,0.0,0.0,0.0,0.0,0.0,0.0,0.0,0.0,-2.0,102.0,117.0,1.51,8.22,-12.64,-11.41
4,L,105,112,4,11,20,False,0.0,0.0,0.0,0.0,0.0,0.0,0.0,0.0,0.0,0.0,0.0,0.0,1.0,108.0,111.2,1.51,9.87,-12.55,-8.44
17,L,108,126,4,12,20,False,0.0,0.0,0.0,0.0,0.0,0.0,0.0,0.0,0.0,0.0,0.0,0.0,2.0,116.5,103.5,-3.81,14.93,-8.12,-13.49
3,W,108,107,4,11,20,False,0.0,0.0,0.0,0.0,0.0,0.0,0.0,0.0,0.0,0.0,0.0,0.0,-1.0,103.8,111.5,1.51,11.4,-12.41,-9.68
11,L,113,114,5,13,20,False,0.0,0.0,0.0,0.0,0.0,0.0,0.0,0.0,0.0,0.0,0.0,0.0,-1.0,117.3,114.3,-3.81,7.46,-8.34,-9.29
11,L,102,123,5,14,20,False,0.0,0.0,0.0,0.0,0.0,0.0,0.0,0.0,0.0,0.0,0.0,0.0,-1.0,116.2,114.2,-3.81,7.85,-11.28,-9.54
21,L,99,107,5,15,20,False,0.0,0.0,0.0,0.0,0.0,0.0,0.0,0.0,0.0,0.0,0.0,0.0,-1.0,106.5,114.0,3.67,-7.92,-11.0,-15.14
21,L,103,133,5,16,20,False,0.0,0.0,0.0,0.0,0.0,0.0,0.0,0.0,0.0,0.0,0.0,0.0,-3.0,105.0,112.6,1.65,-7.92,-11.53,-15.14
2,L,102,109,5,17,20,False,0.0,0.0,0.0,0.0,0.0,0.0,0.0,0.0,0.0,0.0,0.0,0.0,-2.0,102.8,120.2,3.11,14.53,-15.6,-11.72
0,L,108,125,5,18,20,False,0.0,0.0,0.0,0.0,0.0,0.0,0.0,0.0,0.0,0.0,0.0,0.0,-2.0,104.2,115.2,6.19,16.07,-8.57,-16.83
5,L,96,107,5,19,20,False,0.0,0.0,0.0,0.0,0.0,0.0,0.0,0.0,0.0,0.0,0.0,0.0,-5.0,101.2,107.5,3.64,10.14,-8.56,-7.12
26,L,108,121,5,20,20,False,0.0,0.0,0.0,0.0,0.0,0.0,0.0,0.0,0.0,0.0,0.0,0.0,-5.0,100.3,103.0,4.76,10.67,-8.56,-11.58
16,L,102,109,5,21,20,False,0.0,0.0,0.0,0.0,0.0,0.0,0.0,0.0,0.0,0.0,0.0,0.0,-4.0,107.0,125.8,4.66,13.91,-8.56,-14.64
12,W,116,111,5,20,20,False,0.0,0.0,0.0,0.0,0.0,0.0,0.0,0.0,0.0,0.0,0.0,0.0,-1.0,103.0,108.5,5.73,2.18,-9.81,-13.62
26,W,113,109,6,20,20,False,0.0,0.0,0.0,0.0,0.0,0.0,0.0,0.0,0.0,0.0,0.0,0.0,-8.0,102.2,107.5,5.37,10.67,-9.81,-8.04
26,W,111,99,7,20,20,False,0.0,0.0,0.0,0.0,0.0,0.0,0.0,0.0,0.0,0.0,0.0,0.0,2.0,104.4,107.8,5.37,12.04,-9.81,-9.02
0,W,135,124,8,20,20,False,0.0,0.0,0.0,0.0,0.0,0.0,0.0,0.0,0.0,0.0,0.0,0.0,-6.0,103.6,114.4,5.37,2.07,-9.01,-12.4
1,W,117,109,9,20,20,False,0.0,0.0,0.0,0.0,0.0,0.0,0.0,0.0,0.0,0.0,0.0,0.0,-3.0,98.2,112.5,5.37,13.95,-9.01,-11.93
1,W,95,92,10,20,20,False,0.0,0.0,0.0,0.0,0.0,0.0,0.0,0.0,0.0,0.0,0.0,0.0,5.0,102.0,111.8,5.37,6.94,-9.01,-12.13
0,L,125,126,11,22,20,False,0.0,0.0,0.0,0.0,0.0,0.0,0.0,0.0,0.0,0.0,0.0,0.0,4.0,110.8,117.0,5.37,18.01,-9.01,-16.01
10,W,116,110,11,21,20,False,0.0,0.0,0.0,0.0,0.0,0.0,0.0,0.0,0.0,0.0,0.0,0.0,-2.0,120.7,121.0,5.37,12.48,-9.01,-12.59
25,W,133,113,12,21,20,False,0.0,0.0,0.0,0.0,0.0,0.0,0.0,0.0,0.0,0.0,0.0,0.0,-2.0,93.0,112.5,5.37,8.04,-6.19,-11.03
13,L,110,129,13,23,20,False,0.0,0.0,0.0,0.0,0.0,0.0,0.0,0.0,0.0,0.0,0.0,0.0,-4.0,99.5,111.0,5.37,4.13,-2.48,-8.86
8,L,101,121,13,24,20,False,0.0,0.0,0.0,0.0,0.0,0.0,0.0,0.0,0.0,0.0,0.0,0.0,-1.0,108.6,111.4,5.37,2.26,-4.93,-10.69
28,L,100,119,13,25,20,False,0.0,0.0,0.0,0.0,0.0,0.0,0.0,0.0,0.0,0.0,0.0,0.0,-4.0,102.0,111.2,7.32,4.87,-7.27,-6.57
14,L,115,123,14,26,20,False,0.0,0.0,0.0,0.0,0.0,0.0,0.0,0.0,0.0,0.0,0.0,0.0,-1.0,105.5,129.5,9.14,10.68,-4.99,-10.2
9,W,115,101,14,25,20,False,0.0,0.0,0.0,0.0,0.0,0.0,0.0,0.0,0.0,0.0,0.0,0.0,1.0,106.3,115.0,9.14,2.46,-2.14,-13.63
24,L,111,136,15,27,20,False,0.0,0.0,0.0,0.0,0.0,0.0,0.0,0.0,0.0,0.0,0.0,0.0,-1.0,121.0,127.3,9.14,13.75,-2.14,-14.83
23,W,109,106,15,26,20,False,0.0,0.0,0.0,0.0,0.0,0.0,0.0,0.0,0.0,0.0,0.0,0.0,1.0,100.5,96.5,9.14,15.37,-4.87,-14.18
27,L,108,112,16,28,20,False,0.0,0.0,0.0,0.0,0.0,0.0,0.0,0.0,0.0,0.0,0.0,0.0,-1.0,103.0,107.0,9.14,3.44,-2.41,-10.62
7,L,116,119,16,29,20,False,0.0,0.0,0.0,0.0,0.0,0.0,0.0,0.0,0.0,0.0,0.0,0.0,-3.0,109.5,112.0,9.14,11.79,-2.41,-15.97
28,L,118,138,17,30,20,False,0.0,0.0,0.0,0.0,0.0,0.0,0.0,0.0,0.0,0.0,0.0,0.0,-3.0,101.6,112.8,9.14,9.9,-3.73,-8.23
1,W,113,98,17,29,20,False,0.0,0.0,0.0,0.0,0.0,0.0,0.0,0.0,0.0,0.0,0.0,0.0,6.0,105.2,111.8,9.14,9.37,-2.66,-12.64
11,W,126,120,18,29,20,False,0.0,0.0,0.0,0.0,0.0,0.0,0.0,0.0,0.0,0.0,0.0,0.0,-2.0,113.4,116.0,9.14,-1.25,-1.23,-7.91
15,L,105,110,19,31,20,False,0.0,0.0,0.0,0.0,0.0,0.0,0.0,0.0,0.0,0.0,0.0,0.0,1.0,100.8,106.5,9.14,12.11,-0.67,-10.59
3,L,109,128,19,32,20,False,0.0,0.0,0.0,0.0,0.0,0.0,0.0,0.0,0.0,0.0,0.0,0.0,1.0,104.6,110.6,9.14,11.4,-4.6,-13.5
21,W,119,109,19,31,20,False,0.0,0.0,0.0,0.0,0.0,0.0,0.0,0.0,0.0,0.0,0.0,0.0,-4.0,106.4,119.0,9.14,11.28,-6.43,-15.39
21,L,94,105,20,33,20,False,0.0,0.0,0.0,0.0,0.0,0.0,0.0,0.0,0.0,0.0,0.0,0.0,1.0,109.0,117.6,9.14,11.28,-3.94,-15.39
17,W,127,120,20,32,20,False,0.0,0.0,0.0,0.0,0.0,0.0,0.0,0.0,0.0,0.0,0.0,0.0,-2.0,113.7,111.0,3.81,8.07,-4.88,-16.02
4,W,119,113,21,32,20,False,0.0,0.0,0.0,0.0,0.0,0.0,0.0,0.0,0.0,0.0,0.0,0.0,-1.0,106.8,109.6,9.14,10.89,-6.84,-6.52
7,W,115,104,22,33,20,False,0.0,0.0,0.0,0.0,0.0,0.0,0.0,0.0,0.0,0.0,0.0,0.0,-2.0,111.7,114.3,9.36,11.74,-7.94,-18.69
15,L,103,107,23,35,20,False,0.0,0.0,0.0,0.0,0.0,0.0,0.0,0.0,0.0,0.0,0.0,0.0,-1.0,101.6,107.2,9.14,9.59,-6.1,-8.68
3,W,100,91,23,34,20,False,0.0,0.0,0.0,0.0,0.0,0.0,0.0,0.0,0.0,0.0,0.0,0.0,-2.0,108.8,111.6,9.14,11.4,-9.32,-13.25
26,L,113,123,24,36,20,False,0.0,0.0,0.0,0.0,0.0,0.0,0.0,0.0,0.0,0.0,0.0,0.0,3.0,104.8,105.6,9.14,14.02,-8.67,-17.28
8,W,108,106,24,35,20,False,0.0,0.0,0.0,0.0,0.0,0.0,0.0,0.0,0.0,0.0,0.0,0.0,-2.0,108.2,113.6,9.14,2.26,-7.02,-10.12
11,L,108,121,25,37,20,False,0.0,0.0,0.0,0.0,0.0,0.0,0.0,0.0,0.0,0.0,0.0,0.0,2.0,114.8,116.4,9.14,5.42,-7.02,-7.3
16,L,117,139,26,38,20,False,0.0,0.0,0.0,0.0,0.0,0.0,0.0,0.0,0.0,0.0,0.0,0.0,-9.0,106.0,122.4,9.14,12.94,-6.98,-12.67
4,W,117,106,26,37,20,False,0.0,0.0,0.0,0.0,0.0,0.0,0.0,0.0,0.0,0.0,0.0,0.0,2.0,110.8,111.0,9.14,2.89,-6.98,-8.68
23,L,119,122,27,39,20,False,0.0,0.0,0.0,0.0,0.0,0.0,0.0,0.0,0.0,0.0,0.0,0.0,1.0,103.3,99.7,7.12,0.06,-9.78,-12.96
16,L,123,134,27,40,20,False,0.0,0.0,0.0,0.0,0.0,0.0,0.0,0.0,0.0,0.0,0.0,0.0,-1.0,107.8,126.8,7.12,3.08,-7.32,-17.26
27,L,124,131,27,41,20,False,0.0,0.0,0.0,0.0,0.0,0.0,0.0,0.0,0.0,0.0,0.0,0.0,-1.0,104.7,108.7,6.9,-0.21,-7.71,-14.14
15,W,126,114,27,40,20,False,0.0,0.0,0.0,0.0,0.0,0.0,0.0,0.0,0.0,0.0,0.0,0.0,-1.0,104.2,107.2,9.14,8.62,-6.98,-10.29
25,L,114,132,28,42,20,False,0.0,0.0,0.0,0.0,0.0,0.0,0.0,0.0,0.0,0.0,0.0,0.0,2.0,106.3,112.7,9.14,-5.13,-8.01,-11.99
22,L,113,116,28,43,20,False,0.0,0.0,0.0,0.0,0.0,0.0,0.0,0.0,0.0,0.0,0.0,0.0,2.0,106.0,110.3,9.14,3.3,-8.01,-6.04
12,W,113,108,28,42,20,False,0.0,0.0,0.0,0.0,0.0,0.0,0.0,0.0,0.0,0.0,0.0,0.0,1.0,107.3,109.3,9.14,9.2,-9.61,-11.65
13,L,105,111,29,44,20,False,0.0,0.0,0.0,0.0,0.0,0.0,0.0,0.0,0.0,0.0,0.0,0.0,-1.0,103.0,117.0,9.14,8.44,-9.61,-8.9
28,W,122,112,29,43,20,False,0.0,0.0,0.0,0.0,0.0,0.0,0.0,0.0,0.0,0.0,0.0,0.0,-1.0,106.8,119.6,9.14,5.2,-9.61,-11.34
2,W,119,106,31,43,20,False,0.0,0.0,0.0,0.0,0.0,0.0,0.0,0.0,0.0,0.0,0.0,0.0,-5.0,102.6,118.0,9.14,7.74,-8.01,-10.57
14,L,108,113,32,45,20,False,0.0,0.0,0.0,0.0,0.0,0.0,0.0,0.0,0.0,0.0,0.0,0.0,-1.0,108.7,127.3,9.14,5.36,-8.25,-7.87
28,W,116,109,32,44,20,False,0.0,0.0,0.0,0.0,0.0,0.0,0.0,0.0,0.0,0.0,0.0,0.0,1.0,111.2,121.6,9.14,-4.41,-8.25,-15.13
8,W,128,102,33,44,20,False,0.0,0.0,0.0,0.0,0.0,0.0,0.0,0.0,0.0,0.0,0.0,0.0,1.0,111.4,115.4,9.14,-4.81,-8.25,-15.17
5,L,113,117,34,46,20,False,0.0,0.0,0.0,0.0,0.0,0.0,0.0,0.0,0.0,0.0,0.0,0.0,-7.0,100.2,107.4,9.14,14.69,-6.84,-10.92
5,L,94,118,34,47,20,False,0.0,0.0,0.0,0.0,0.0,0.0,0.0,0.0,0.0,0.0,0.0,0.0,-1.0,104.4,109.8,-5.99,-6.18,-10.09,-13.3
2,L,84,101,34,48,20,False,0.0,0.0,0.0,0.0,0.0,0.0,0.0,0.0,0.0,0.0,0.0,0.0,3.0,108.4,114.6,2.42,7.74,-12.81,-9.35
15,L,110,123,34,49,20,False,0.0,0.0,0.0,0.0,0.0,0.0,0.0,0.0,0.0,0.0,0.0,0.0,1.0,108.4,107.0,2.47,1.59,-9.64,-8.58
1,L,117,126,0,2,21,False,0.0,0.0,0.0,0.0,0.0,0.0,0.0,0.0,0.0,0.0,0.0,0.0,-1.0,98.2,106.2,12.06,16.85,-5.11,-9.25
16,L,88,90,0,3,21,False,0.0,0.0,0.0,0.0,0.0,0.0,0.0,0.0,0.0,0.0,0.0,0.0,-2.0,116.0,118.7,13.18,3.85,-7.2,-8.52
25,L,105,114,0,4,21,False,0.0,0.0,0.0,0.0,0.0,0.0,0.0,0.0,0.0,0.0,0.0,0.0,1.0,117.0,104.5,13.73,1.18,-9.31,-10.8
11,W,120,106,0,3,21,False,0.0,0.0,0.0,0.0,0.0,0.0,0.0,0.0,0.0,0.0,0.0,0.0,1.0,125.7,120.0,15.76,-1.81,-11.07,-3.62
26,L,109,119,1,5,21,False,0.0,0.0,0.0,0.0,0.0,0.0,0.0,0.0,0.0,0.0,0.0,0.0,1.0,107.6,101.6,15.95,15.47,-13.05,-16.19
26,W,112,90,1,4,21,False,0.0,0.0,0.0,0.0,0.0,0.0,0.0,0.0,0.0,0.0,0.0,0.0,-1.0,107.0,106.0,9.6,17.52,-11.14,-16.25
3,W,114,109,2,4,21,False,0.0,0.0,0.0,0.0,0.0,0.0,0.0,0.0,0.0,0.0,0.0,0.0,1.0,114.2,104.2,16.32,9.83,-15.86,-15.61
28,W,118,111,3,4,21,False,0.0,0.0,0.0,0.0,0.0,0.0,0.0,0.0,0.0,0.0,0.0,0.0,-1.0,106.0,106.3,9.6,7.95,-17.25,-14.25
28,L,111,121,4,6,21,False,0.0,0.0,0.0,0.0,0.0,0.0,0.0,0.0,0.0,0.0,0.0,0.0,3.0,109.0,107.5,6.47,7.95,-15.87,-11.22
22,W,100,88,4,6,21,False,0.0,0.0,0.0,0.0,0.0,0.0,0.0,0.0,0.0,0.0,0.0,0.0,-1.0,106.5,114.0,9.08,11.09,-13.21,-10.94
0,L,95,104,5,8,21,False,0.0,0.0,0.0,0.0,0.0,0.0,0.0,0.0,0.0,0.0,0.0,0.0,-1.0,105.3,96.0,9.08,16.07,-17.66,-16.06
0,W,121,109,5,7,21,False,0.0,0.0,0.0,0.0,0.0,0.0,0.0,0.0,0.0,0.0,0.0,0.0,-1.0,102.8,98.0,5.95,16.07,-16.85,-18.02
27,W,105,98,6,7,21,False,0.0,0.0,0.0,0.0,0.0,0.0,0.0,0.0,0.0,0.0,0.0,0.0,-1.0,90.5,119.0,5.95,10.84,-17.66,-10.38
16,W,110,102,7,7,21,False,0.0,0.0,0.0,0.0,0.0,0.0,0.0,0.0,0.0,0.0,0.0,0.0,-2.0,109.0,111.5,4.55,6.83,-15.73,-9.83
17,L,109,112,8,9,21,False,0.0,0.0,0.0,0.0,0.0,0.0,0.0,0.0,0.0,0.0,0.0,0.0,2.0,126.5,111.5,-2.78,14.93,-14.28,-11.73
2,W,115,106,8,8,21,False,0.0,0.0,0.0,0.0,0.0,0.0,0.0,0.0,0.0,0.0,0.0,0.0,-1.0,106.0,114.8,-7.92,14.53,-18.59,-12.15
4,L,101,107,9,10,21,False,0.0,0.0,0.0,0.0,0.0,0.0,0.0,0.0,0.0,0.0,0.0,0.0,1.0,119.8,113.2,-7.92,9.29,-15.53,-9.34
0,W,104,101,11,9,21,False,0.0,0.0,0.0,0.0,0.0,0.0,0.0,0.0,0.0,0.0,0.0,0.0,1.0,106.4,100.2,1.75,16.07,-20.12,-15.87
5,L,85,113,12,11,21,False,0.0,0.0,0.0,0.0,0.0,0.0,0.0,0.0,0.0,0.0,0.0,0.0,2.0,114.5,108.5,1.75,7.32,-19.35,-1.75
14,L,109,117,12,12,21,False,0.0,0.0,0.0,0.0,0.0,0.0,0.0,0.0,0.0,0.0,0.0,0.0,5.0,106.5,122.5,1.75,10.68,-19.34,-9.59
10,L,123,132,12,13,21,False,0.0,0.0,0.0,0.0,0.0,0.0,0.0,0.0,0.0,0.0,0.0,0.0,7.0,122.0,102.0,11.28,12.48,-20.6,-11.42
13,W,133,122,12,12,21,False,0.0,0.0,0.0,0.0,0.0,0.0,0.0,0.0,0.0,0.0,0.0,0.0,2.0,115.5,104.0,11.28,10.6,-21.88,-7.87
4,W,131,113,13,12,21,False,0.0,0.0,0.0,0.0,0.0,0.0,0.0,0.0,0.0,0.0,0.0,0.0,-1.0,116.0,112.0,11.28,6.76,-19.62,-12.01
24,W,123,103,14,12,21,False,0.0,0.0,0.0,0.0,0.0,0.0,0.0,0.0,0.0,0.0,0.0,0.0,4.0,102.5,97.5,8.16,13.75,-19.26,-16.03
9,W,118,106,15,12,21,False,0.0,0.0,0.0,0.0,0.0,0.0,0.0,0.0,0.0,0.0,0.0,0.0,1.0,99.0,104.5,4.81,-5.9,-13.32,-13.14
26,W,104,101,16,12,21,False,0.0,0.0,0.0,0.0,0.0,0.0,0.0,0.0,0.0,0.0,0.0,0.0,1.0,108.6,103.8,11.28,9.34,-19.6,-10.63
8,W,113,93,17,12,21,False,0.0,0.0,0.0,0.0,0.0,0.0,0.0,0.0,0.0,0.0,0.0,0.0,2.0,107.8,102.0,11.28,2.26,-18.97,-9.69
12,W,119,114,18,12,21,False,0.0,0.0,0.0,0.0,0.0,0.0,0.0,0.0,0.0,0.0,0.0,0.0,3.0,111.5,99.5,11.28,5.76,-19.71,-10.42
28,L,111,116,20,14,21,False,0.0,0.0,0.0,0.0,0.0,0.0,0.0,0.0,0.0,0.0,0.0,0.0,-1.0,109.4,110.2,11.28,9.9,-18.97,-8.13
11,W,129,126,22,14,21,False,0.0,0.0,0.0,0.0,0.0,0.0,0.0,0.0,0.0,0.0,0.0,0.0,1.0,124.2,116.5,9.6,5.42,-19.61,-8.07
3,L,112,126,23,16,21,False,0.0,0.0,0.0,0.0,0.0,0.0,0.0,0.0,0.0,0.0,0.0,0.0,2.0,114.2,105.2,9.6,11.4,-18.97,-13.16
8,W,123,111,23,15,21,False,0.0,0.0,0.0,0.0,0.0,0.0,0.0,0.0,0.0,0.0,0.0,0.0,6.0,108.8,100.2,5.88,4.98,-18.54,-12.64
8,W,147,116,24,15,21,False,0.0,0.0,0.0,0.0,0.0,0.0,0.0,0.0,0.0,0.0,0.0,0.0,1.0,111.4,102.0,16.32,-7.09,-18.19,-8.46
27,W,118,117,25,16,21,False,0.0,0.0,0.0,0.0,0.0,0.0,0.0,0.0,0.0,0.0,0.0,0.0,2.0,95.3,112.0,12.97,4.0,-19.61,-17.69
13,W,113,112,26,16,21,False,0.0,0.0,0.0,0.0,0.0,0.0,0.0,0.0,0.0,0.0,0.0,0.0,1.0,121.3,110.0,11.28,0.67,-15.39,-14.77
12,W,120,110,27,16,21,False,0.0,0.0,0.0,0.0,0.0,0.0,0.0,0.0,0.0,0.0,0.0,0.0,7.0,114.0,104.3,11.28,3.3,-15.39,-11.1
23,W,105,95,28,16,21,False,0.0,0.0,0.0,0.0,0.0,0.0,0.0,0.0,0.0,0.0,0.0,0.0,-1.0,112.0,110.5,11.28,15.37,-15.39,-13.14
24,W,129,127,29,16,21,False,0.0,0.0,0.0,0.0,0.0,0.0,0.0,0.0,0.0,0.0,0.0,0.0,3.0,109.3,99.3,-0.59,13.75,-13.57,-15.48
2,W,137,133,30,16,21,False,0.0,0.0,0.0,0.0,0.0,0.0,0.0,0.0,0.0,0.0,0.0,0.0,1.0,107.8,113.0,11.28,7.38,-14.75,-12.43
7,W,126,119,31,16,21,False,0.0,0.0,0.0,0.0,0.0,0.0,0.0,0.0,0.0,0.0,0.0,0.0,-1.0,106.5,101.5,11.28,11.79,-15.39,-14.81
25,W,137,125,33,17,21,False,0.0,0.0,0.0,0.0,0.0,0.0,0.0,0.0,0.0,0.0,0.0,0.0,-3.0,113.0,107.7,11.28,-1.79,-14.3,-13.2
1,L,99,106,34,20,21,False,0.0,0.0,0.0,0.0,0.0,0.0,0.0,0.0,0.0,0.0,0.0,0.0,-1.0,102.0,110.2,11.28,9.18,-14.3,-15.43
2,W,101,98,35,19,21,False,0.0,0.0,0.0,0.0,0.0,0.0,0.0,0.0,0.0,0.0,0.0,0.0,6.0,113.4,116.8,11.28,7.74,-11.29,-9.14
10,W,123,104,36,19,21,False,0.0,0.0,0.0,0.0,0.0,0.0,0.0,0.0,0.0,0.0,0.0,0.0,-3.0,122.3,112.0,11.28,5.79,-9.98,-14.86
5,W,118,112,37,19,21,False,0.0,0.0,0.0,0.0,0.0,0.0,0.0,0.0,0.0,0.0,0.0,0.0,-1.0,108.6,109.4,11.28,11.36,-12.51,-5.69
14,W,110,105,38,19,21,False,0.0,0.0,0.0,0.0,0.0,0.0,0.0,0.0,0.0,0.0,0.0,0.0,-2.0,107.3,120.7,11.28,13.55,-12.72,-8.81
1,L,107,110,39,21,21,False,0.0,0.0,0.0,0.0,0.0,0.0,0.0,0.0,0.0,0.0,0.0,0.0,-2.0,104.4,113.8,11.28,12.53,-11.29,-8.56
15,L,99,101,39,22,21,False,0.0,0.0,0.0,0.0,0.0,0.0,0.0,0.0,0.0,0.0,0.0,0.0,-2.0,98.6,105.0,11.28,8.62,-11.29,-8.7
15,W,119,96,39,21,21,False,0.0,0.0,0.0,0.0,0.0,0.0,0.0,0.0,0.0,0.0,0.0,0.0,-2.0,97.8,101.4,9.6,8.62,-15.53,-8.69
6,L,126,133,40,23,21,False,0.0,0.0,0.0,0.0,0.0,0.0,0.0,0.0,0.0,0.0,0.0,0.0,2.0,104.5,104.0,16.32,11.84,-14.44,-9.89
16,W,133,130,40,22,21,False,0.0,0.0,0.0,0.0,0.0,0.0,0.0,0.0,0.0,0.0,0.0,0.0,3.0,109.2,109.6,16.32,12.94,-14.91,-11.62
11,W,147,143,41,22,21,False,0.0,0.0,0.0,0.0,0.0,0.0,0.0,0.0,0.0,0.0,0.0,0.0,3.0,125.2,118.4,13.89,4.53,-13.56,-6.93
17,W,117,94,42,22,21,False,0.0,0.0,0.0,0.0,0.0,0.0,0.0,0.0,0.0,0.0,0.0,0.0,-1.0,120.7,111.7,9.08,7.12,-10.89,-18.03
23,W,120,119,43,22,21,False,0.0,0.0,0.0,0.0,0.0,0.0,0.0,0.0,0.0,0.0,0.0,0.0,4.0,109.7,105.3,16.32,8.82,-14.91,-12.28
28,W,112,93,44,22,21,False,0.0,0.0,0.0,0.0,0.0,0.0,0.0,0.0,0.0,0.0,0.0,0.0,-1.0,108.2,114.2,16.32,9.9,-15.83,-12.66
5,W,118,109,45,22,21,False,0.0,0.0,0.0,0.0,0.0,0.0,0.0,0.0,0.0,0.0,0.0,0.0,4.0,111.6,113.2,16.32,6.82,-14.91,-9.91
4,W,121,82,46,22,21,False,0.0,0.0,0.0,0.0,0.0,0.0,0.0,0.0,0.0,0.0,0.0,0.0,2.0,116.8,109.8,16.32,10.87,-17.77,-14.97
11,W,141,121,47,22,21,False,0.0,0.0,0.0,0.0,0.0,0.0,0.0,0.0,0.0,0.0,0.0,0.0,2.0,132.0,123.4,7.13,-0.83,-17.35,-9.89
3,L,105,109,48,24,21,False,0.0,0.0,0.0,0.0,0.0,0.0,0.0,0.0,0.0,0.0,0.0,0.0,-1.0,116.0,110.8,14.37,9.28,-16.18,-8.77
3,W,116,91,48,23,21,False,0.0,0.0,0.0,0.0,0.0,0.0,0.0,0.0,0.0,0.0,0.0,0.0,-1.0,114.2,111.6,9.08,9.28,-19.14,-8.77
9,L,112,120,49,25,21,False,0.0,0.0,0.0,0.0,0.0,0.0,0.0,0.0,0.0,0.0,0.0,0.0,4.0,105.3,105.0,9.08,4.77,-19.14,-8.9
22,L,105,125,49,26,21,False,0.0,0.0,0.0,0.0,0.0,0.0,0.0,0.0,0.0,0.0,0.0,0.0,1.0,104.3,105.3,9.08,-0.31,-16.83,-5.98
7,L,111,116,49,27,21,False,0.0,0.0,0.0,0.0,0.0,0.0,0.0,0.0,0.0,0.0,0.0,0.0,7.0,113.0,107.3,-0.01,11.79,-11.49,-13.51
6,W,116,108,49,26,21,False,0.0,0.0,0.0,0.0,0.0,0.0,0.0,0.0,0.0,0.0,0.0,0.0,-1.0,111.7,113.7,16.32,15.03,-15.83,-12.09
26,W,117,110,50,26,21,False,0.0,0.0,0.0,0.0,0.0,0.0,0.0,0.0,0.0,0.0,0.0,0.0,5.0,109.0,102.0,12.97,15.79,-16.83,-12.76
16,L,104,117,51,28,21,False,0.0,0.0,0.0,0.0,0.0,0.0,0.0,0.0,0.0,0.0,0.0,0.0,1.0,114.0,112.0,16.32,15.03,-14.91,-9.83
1,W,103,101,51,27,21,False,0.0,0.0,0.0,0.0,0.0,0.0,0.0,0.0,0.0,0.0,0.0,0.0,-1.0,104.2,115.2,16.32,8.79,-14.91,-14.55
15,L,101,129,52,29,21,False,0.0,0.0,0.0,0.0,0.0,0.0,0.0,0.0,0.0,0.0,0.0,0.0,1.0,101.8,104.8,11.28,10.67,-15.92,-10.07
0,W,136,131,52,28,21,False,0.0,0.0,0.0,0.0,0.0,0.0,0.0,0.0,0.0,0.0,0.0,0.0,3.0,102.8,101.6,-15.62,16.07,-17.04,-9.66
2,W,134,105,53,28,21,False,0.0,0.0,0.0,0.0,0.0,0.0,0.0,0.0,0.0,0.0,0.0,0.0,2.0,112.6,113.6,-15.56,-5.85,-17.36,-4.28
2,W,121,101,0,0,21,True,0.0,0.0,0.0,0.0,0.0,0.0,0.0,0.0,0.0,0.0,0.0,0.0,2.0,117.4,114.2,16.32,7.74,-15.83,-8.56
2,W,96,84,1,0,21,True,0.0,0.0,0.0,0.0,0.0,0.0,0.0,0.0,0.0,0.0,0.0,0.0,1.0,121.6,108.6,16.32,7.74,-15.83,-8.56
2,W,102,97,2,0,21,True,0.0,0.0,0.0,0.0,0.0,0.0,0.0,0.0,0.0,0.0,0.0,0.0,2.0,117.8,104.2,16.32,7.74,-15.83,-8.56
2,W,96,88,3,0,21,True,0.0,0.0,0.0,0.0,0.0,0.0,0.0,0.0,0.0,0.0,0.0,0.0,3.0,110.8,97.0,6.08,7.74,-15.15,-8.56
1,W,119,115,4,0,21,True,0.0,0.0,0.0,0.0,0.0,0.0,0.0,0.0,0.0,0.0,0.0,0.0,1.0,102.6,115.6,6.08,13.95,-14.88,-10.62
1,L,87,121,5,2,21,True,0.0,0.0,0.0,0.0,0.0,0.0,0.0,0.0,0.0,0.0,0.0,0.0,5.0,109.0,111.6,16.32,13.95,-15.83,-10.62
1,L,102,114,5,3,21,True,0.0,0.0,0.0,0.0,0.0,0.0,0.0,0.0,0.0,0.0,0.0,0.0,-1.0,103.0,110.6,16.32,13.95,-15.83,-9.85
1,W,116,115,5,2,21,True,0.0,0.0,0.0,0.0,0.0,0.0,0.0,0.0,0.0,0.0,0.0,0.0,-2.0,103.6,112.2,16.32,13.95,-15.83,-10.62
1,W,115,103,6,2,21,True,0.0,0.0,0.0,0.0,0.0,0.0,0.0,0.0,0.0,0.0,0.0,0.0,1.0,105.4,113.2,16.32,13.95,-15.83,-10.62
1,L,86,95,7,4,21,True,0.0,0.0,0.0,0.0,0.0,0.0,0.0,0.0,0.0,0.0,0.0,0.0,2.0,107.8,113.6,16.32,12.53,-15.83,-9.83
1,L,88,112,7,5,21,True,0.0,0.0,0.0,0.0,0.0,0.0,0.0,0.0,0.0,0.0,0.0,0.0,-1.0,101.2,109.6,16.32,12.53,-15.83,-9.83
6,W,107,105,0,0,22,False,0.0,0.0,0.0,0.0,0.0,0.0,0.0,0.0,0.0,0.0,0.0,0.0,-2.0,96.2,106.0,8.42,3.65,-11.78,-6.48
23,L,111,113,1,2,22,False,0.0,0.0,0.0,0.0,0.0,0.0,0.0,0.0,0.0,0.0,0.0,0.0,1.0,113.8,110.0,8.42,9.51,-11.32,-7.64
12,W,112,95,1,1,22,False,0.0,0.0,0.0,0.0,0.0,0.0,0.0,0.0,0.0,0.0,0.0,0.0,-1.0,103.2,102.2,9.36,8.44,-11.07,-0.52
9,W,134,105,2,1,22,False,0.0,0.0,0.0,0.0,0.0,0.0,0.0,0.0,0.0,0.0,0.0,0.0,9.0,103.5,108.2,12.53,11.37,-10.71,-10.27
10,W,124,109,4,1,22,False,0.0,0.0,0.0,0.0,0.0,0.0,0.0,0.0,0.0,0.0,0.0,0.0,3.0,122.8,108.2,10.93,10.12,-10.54,-10.94
17,W,116,107,5,1,22,False,0.0,0.0,0.0,0.0,0.0,0.0,0.0,0.0,0.0,0.0,0.0,0.0,6.0,119.3,112.0,10.22,14.93,-10.3,-13.1
23,L,106,108,6,3,22,False,0.0,0.0,0.0,0.0,0.0,0.0,0.0,0.0,0.0,0.0,0.0,0.0,-1.0,113.2,110.6,13.87,4.65,-12.37,-8.74
23,W,102,82,6,2,22,False,0.0,0.0,0.0,0.0,0.0,0.0,0.0,0.0,0.0,0.0,0.0,0.0,-1.0,113.4,105.4,11.09,4.65,-14.46,-16.45
17,W,129,117,7,3,22,False,0.0,0.0,0.0,0.0,0.0,0.0,0.0,0.0,0.0,0.0,0.0,0.0,5.0,118.5,110.8,8.22,14.93,-11.14,-13.56
15,L,112,113,8,6,22,False,0.0,0.0,0.0,0.0,0.0,0.0,0.0,0.0,0.0,0.0,0.0,0.0,2.0,105.5,106.5,8.22,10.43,-12.7,-14.17
9,W,130,119,8,5,22,False,0.0,0.0,0.0,0.0,0.0,0.0,0.0,0.0,0.0,0.0,0.0,0.0,2.0,109.6,107.6,8.22,11.54,-12.11,-9.67
27,L,133,134,9,7,22,False,0.0,0.0,0.0,0.0,0.0,0.0,0.0,0.0,0.0,0.0,0.0,0.0,1.0,111.2,107.2,8.22,10.84,-12.76,-10.63
13,W,115,105,10,6,22,False,0.0,0.0,0.0,0.0,0.0,0.0,0.0,0.0,0.0,0.0,0.0,0.0,1.0,121.0,104.0,8.22,4.29,-12.33,-7.87
8,W,108,102,11,6,22,False,0.0,0.0,0.0,0.0,0.0,0.0,0.0,0.0,0.0,0.0,0.0,0.0,3.0,124.5,105.5,8.22,-6.19,-11.94,-9.74
27,W,113,112,12,6,22,False,0.0,0.0,0.0,0.0,0.0,0.0,0.0,0.0,0.0,0.0,0.0,0.0,-1.0,115.6,112.6,8.22,8.6,-14.19,-12.36
24,W,122,117,13,6,22,False,0.0,0.0,0.0,0.0,0.0,0.0,0.0,0.0,0.0,0.0,0.0,0.0,-1.0,113.0,113.5,8.22,13.75,-13.86,-14.7
3,W,132,113,14,6,22,False,0.0,0.0,0.0,0.0,0.0,0.0,0.0,0.0,0.0,0.0,0.0,0.0,4.0,128.0,113.0,8.22,11.4,-13.82,-11.73
10,L,121,122,15,8,22,False,0.0,0.0,0.0,0.0,0.0,0.0,0.0,0.0,0.0,0.0,0.0,0.0,4.0,123.0,108.4,6.32,12.48,-13.05,-13.44
25,W,133,95,15,7,22,False,0.0,0.0,0.0,0.0,0.0,0.0,0.0,0.0,0.0,0.0,0.0,0.0,10.0,114.8,108.0,6.32,1.0,-13.05,-14.02
6,L,111,130,16,9,22,False,0.0,0.0,0.0,0.0,0.0,0.0,0.0,0.0,0.0,0.0,0.0,0.0,1.0,98.8,106.4,7.26,11.04,-12.07,-8.89
1,L,98,125,16,10,22,False,0.0,0.0,0.0,0.0,0.0,0.0,0.0,0.0,0.0,0.0,0.0,0.0,-1.0,109.5,106.5,11.09,9.82,-11.56,-11.89
10,L,97,111,16,13,22,False,0.0,0.0,0.0,0.0,0.0,0.0,0.0,0.0,0.0,0.0,0.0,0.0,-1.0,122.6,110.6,2.79,12.48,-11.89,-12.39
12,W,111,95,16,12,22,False,0.0,0.0,0.0,0.0,0.0,0.0,0.0,0.0,0.0,0.0,0.0,0.0,1.0,105.0,100.8,7.47,-7.76,-12.86,-13.16
13,W,130,104,18,12,22,False,0.0,0.0,0.0,0.0,0.0,0.0,0.0,0.0,0.0,0.0,0.0,0.0,2.0,119.8,104.2,3.1,-1.15,-7.26,-13.3
28,L,110,113,19,14,22,False,0.0,0.0,0.0,0.0,0.0,0.0,0.0,0.0,0.0,0.0,0.0,0.0,1.0,106.5,89.0,3.1,5.72,-7.36,-5.99
14,L,100,125,19,15,22,False,0.0,0.0,0.0,0.0,0.0,0.0,0.0,0.0,0.0,0.0,0.0,0.0,-1.0,115.3,110.0,2.79,14.98,-14.47,-6.82
7,L,125,128,19,16,22,False,0.0,0.0,0.0,0.0,0.0,0.0,0.0,0.0,0.0,0.0,0.0,0.0,7.0,121.3,112.3,11.09,11.79,-13.82,-17.8
14,W,125,108,19,15,22,False,0.0,0.0,0.0,0.0,0.0,0.0,0.0,0.0,0.0,0.0,0.0,0.0,-2.0,111.5,113.8,3.96,14.98,-16.31,-6.82
28,L,102,127,20,17,22,False,0.0,0.0,0.0,0.0,0.0,0.0,0.0,0.0,0.0,0.0,0.0,0.0,-1.0,107.7,97.0,3.96,4.87,-16.31,-12.08
26,L,104,113,20,18,22,False,0.0,0.0,0.0,0.0,0.0,0.0,0.0,0.0,0.0,0.0,0.0,0.0,-1.0,105.5,106.0,0.03,10.4,-13.04,-13.23
5,L,88,90,20,20,22,False,0.0,0.0,0.0,0.0,0.0,0.0,0.0,0.0,0.0,0.0,0.0,0.0,14.0,110.5,103.5,0.89,12.58,-12.17,-9.89
15,L,96,104,20,21,22,False,0.0,0.0,0.0,0.0,0.0,0.0,0.0,0.0,0.0,0.0,0.0,0.0,-2.0,107.7,108.7,2.79,5.13,-14.47,-6.93
5,L,98,112,20,22,22,False,0.0,0.0,0.0,0.0,0.0,0.0,0.0,0.0,0.0,0.0,0.0,0.0,-4.0,103.0,99.0,-2.79,11.36,-13.68,-5.87
9,W,125,113,20,21,22,False,0.0,0.0,0.0,0.0,0.0,0.0,0.0,0.0,0.0,0.0,0.0,0.0,1.0,114.8,112.2,-9.29,11.54,-8.27,-9.96
7,L,97,126,21,23,22,False,0.0,0.0,0.0,0.0,0.0,0.0,0.0,0.0,0.0,0.0,0.0,0.0,-3.0,122.2,116.2,-9.29,11.79,-10.07,-17.05
17,L,116,121,21,24,22,False,0.0,0.0,0.0,0.0,0.0,0.0,0.0,0.0,0.0,0.0,0.0,0.0,1.0,120.6,112.0,-5.67,8.07,-12.76,-15.33
14,L,106,136,21,25,22,False,0.0,0.0,0.0,0.0,0.0,0.0,0.0,0.0,0.0,0.0,0.0,0.0,1.0,114.2,112.6,-2.79,14.98,-13.81,-7.72
2,W,117,112,21,24,22,False,0.0,0.0,0.0,0.0,0.0,0.0,0.0,0.0,0.0,0.0,0.0,0.0,11.0,117.0,109.0,-2.48,7.38,-9.66,-10.75
11,W,112,107,22,24,22,False,0.0,0.0,0.0,0.0,0.0,0.0,0.0,0.0,0.0,0.0,0.0,0.0,6.0,112.5,98.5,-6.1,-1.58,-8.99,-7.75
14,W,112,110,23,24,22,False,0.0,0.0,0.0,0.0,0.0,0.0,0.0,0.0,0.0,0.0,0.0,0.0,-3.0,111.6,121.0,1.87,14.98,-11.76,-6.82
4,W,128,97,24,24,22,False,0.0,0.0,0.0,0.0,0.0,0.0,0.0,0.0,0.0,0.0,0.0,0.0,1.0,135.0,102.5,1.87,0.86,-11.76,-8.64
6,L,95,99,25,26,22,False,0.0,0.0,0.0,0.0,0.0,0.0,0.0,0.0,0.0,0.0,0.0,0.0,-1.0,100.8,110.2,5.49,11.04,-14.02,-15.64
25,W,128,118,25,25,22,False,0.0,0.0,0.0,0.0,0.0,0.0,0.0,0.0,0.0,0.0,0.0,0.0,1.0,118.4,105.4,5.49,0.86,-14.02,-12.25
26,W,114,106,26,25,22,False,0.0,0.0,0.0,0.0,0.0,0.0,0.0,0.0,0.0,0.0,0.0,0.0,-2.0,105.0,108.3,5.49,15.67,-14.02,-17.02
0,L,100,132,27,27,22,False,0.0,0.0,0.0,0.0,0.0,0.0,0.0,0.0,0.0,0.0,0.0,0.0,-1.0,118.0,120.5,5.49,16.07,-12.65,-12.17
1,W,106,94,27,26,22,False,0.0,0.0,0.0,0.0,0.0,0.0,0.0,0.0,0.0,0.0,0.0,0.0,-2.0,105.7,112.7,0.81,11.9,-9.3,-12.57
8,W,116,100,28,26,22,False,0.0,0.0,0.0,0.0,0.0,0.0,0.0,0.0,0.0,0.0,0.0,0.0,3.0,119.0,104.3,5.49,5.76,-12.65,-12.89
2,W,116,112,29,26,22,False,0.0,0.0,0.0,0.0,0.0,0.0,0.0,0.0,0.0,0.0,0.0,0.0,1.0,117.0,110.0,13.87,-0.12,-12.28,-12.67
0,L,107,116,30,28,22,False,0.0,0.0,0.0,0.0,0.0,0.0,0.0,0.0,0.0,0.0,0.0,0.0,-1.0,112.0,124.3,-0.75,16.07,-5.83,-11.75
11,W,117,104,30,27,22,False,0.0,0.0,0.0,0.0,0.0,0.0,0.0,0.0,0.0,0.0,0.0,0.0,2.0,112.3,101.3,3.3,5.42,-8.73,-8.19
24,W,120,109,31,27,22,False,0.0,0.0,0.0,0.0,0.0,0.0,0.0,0.0,0.0,0.0,0.0,0.0,5.0,114.8,114.2,3.3,13.75,-8.78,-18.16
12,L,107,116,32,29,22,False,0.0,0.0,0.0,0.0,0.0,0.0,0.0,0.0,0.0,0.0,0.0,0.0,1.0,108.2,97.6,3.3,3.3,-6.7,-11.33
16,L,101,104,33,30,22,False,0.0,0.0,0.0,0.0,0.0,0.0,0.0,0.0,0.0,0.0,0.0,0.0,-1.0,126.5,119.5,3.3,6.67,-6.58,-8.96
4,W,105,91,33,29,22,False,0.0,0.0,0.0,0.0,0.0,0.0,0.0,0.0,0.0,0.0,0.0,0.0,4.0,132.7,100.7,11.41,2.89,-8.53,-8.68
3,W,125,104,34,29,22,False,0.0,0.0,0.0,0.0,0.0,0.0,0.0,0.0,0.0,0.0,0.0,0.0,6.0,129.3,113.0,11.41,9.28,-8.53,-8.44
6,W,130,126,35,29,22,False,0.0,0.0,0.0,0.0,0.0,0.0,0.0,0.0,0.0,0.0,0.0,0.0,-1.0,97.8,114.0,11.41,11.84,-6.89,-11.63
24,L,119,128,37,31,22,False,0.0,0.0,0.0,0.0,0.0,0.0,0.0,0.0,0.0,0.0,0.0,0.0,2.0,117.4,114.0,3.3,13.75,-6.58,-16.56
9,L,112,123,37,32,22,False,0.0,0.0,0.0,0.0,0.0,0.0,0.0,0.0,0.0,0.0,0.0,0.0,1.0,120.6,111.2,3.3,4.77,-6.04,-12.88
16,L,104,116,37,33,22,False,0.0,0.0,0.0,0.0,0.0,0.0,0.0,0.0,0.0,0.0,0.0,0.0,-1.0,118.0,114.3,3.3,10.94,-6.04,-14.07
13,L,111,122,38,35,22,False,0.0,0.0,0.0,0.0,0.0,0.0,0.0,0.0,0.0,0.0,0.0,0.0,3.0,122.8,104.0,-0.31,6.4,-5.98,-7.44
24,L,127,135,38,36,22,False,0.0,0.0,0.0,0.0,0.0,0.0,0.0,0.0,0.0,0.0,0.0,0.0,-1.0,119.4,118.8,-0.31,13.75,-5.98,-16.56
27,W,117,103,39,35,22,False,0.0,0.0,0.0,0.0,0.0,0.0,0.0,0.0,0.0,0.0,0.0,0.0,4.0,115.2,113.2,3.3,-0.21,-6.4,-13.58
17,W,107,100,40,35,22,False,0.0,0.0,0.0,0.0,0.0,0.0,0.0,0.0,0.0,0.0,0.0,0.0,-2.0,124.0,117.0,11.41,13.98,-6.73,-15.17
7,W,100,93,41,35,22,False,0.0,0.0,0.0,0.0,0.0,0.0,0.0,0.0,0.0,0.0,0.0,0.0,-1.0,117.2,118.2,11.41,-2.39,-6.73,-19.75
25,W,115,94,43,35,22,False,0.0,0.0,0.0,0.0,0.0,0.0,0.0,0.0,0.0,0.0,0.0,0.0,1.0,121.0,106.8,11.41,-10.36,-6.9,-14.51
7,W,119,115,44,35,22,False,0.0,0.0,0.0,0.0,0.0,0.0,0.0,0.0,0.0,0.0,0.0,0.0,4.0,117.6,114.8,11.41,-9.37,-7.21,-18.94
13,L,107,121,45,37,22,False,0.0,0.0,0.0,0.0,0.0,0.0,0.0,0.0,0.0,0.0,0.0,0.0,-2.0,123.4,110.4,-11.47,11.68,-6.31,-7.64
12,L,114,119,45,38,22,False,0.0,0.0,0.0,0.0,0.0,0.0,0.0,0.0,0.0,0.0,0.0,0.0,-1.0,108.4,103.0,-12.23,2.83,-5.68,-12.8
12,L,110,115,0,2,22,True,0.0,0.0,0.0,0.0,0.0,0.0,0.0,0.0,0.0,0.0,0.0,0.0,-2.0,110.6,107.6,14.08,2.83,-8.34,-9.52
12,W,123,109,0,1,22,True,0.0,0.0,0.0,0.0,0.0,0.0,0.0,0.0,0.0,0.0,0.0,0.0,-1.0,110.8,108.0,14.08,2.83,-8.34,-9.52
12,W,129,124,1,1,22,True,0.0,0.0,0.0,0.0,0.0,0.0,0.0,0.0,0.0,0.0,0.0,0.0,1.0,113.0,110.8,14.08,2.06,-8.34,-10.4
12,W,112,100,2,1,22,True,0.0,0.0,0.0,0.0,0.0,0.0,0.0,0.0,0.0,0.0,0.0,0.0,2.0,116.6,116.6,14.08,5.64,-8.34,-12.63
12,W,136,130,3,1,22,True,0.0,0.0,0.0,0.0,0.0,0.0,0.0,0.0,0.0,0.0,0.0,0.0,3.0,117.6,113.4,14.08,5.64,-8.07,-12.63
7,L,107,125,4,3,22,True,0.0,0.0,0.0,0.0,0.0,0.0,0.0,0.0,0.0,0.0,0.0,0.0,7.0,116.2,118.4,11.41,11.79,-6.73,-13.51
7,L,87,97,4,4,22,True,0.0,0.0,0.0,0.0,0.0,0.0,0.0,0.0,0.0,0.0,0.0,0.0,-1.0,109.6,117.4,11.41,11.79,-6.73,-13.51
7,W,121,114,4,3,22,True,0.0,0.0,0.0,0.0,0.0,0.0,0.0,0.0,0.0,0.0,0.0,0.0,-2.0,102.0,111.2,8.54,11.79,-5.29,-13.51
7,W,129,124,5,3,22,True,0.0,0.0,0.0,0.0,0.0,0.0,0.0,0.0,0.0,0.0,0.0,0.0,1.0,106.8,108.8,8.54,11.79,-5.29,-13.51
7,L,102,118,6,5,22,True,0.0,0.0,0.0,0.0,0.0,0.0,0.0,0.0,0.0,0.0,0.0,0.0,2.0,112.6,115.0,8.54,11.79,-5.29,-13.51
7,L,100,125,6,6,22,True,0.0,0.0,0.0,0.0,0.0,0.0,0.0,0.0,0.0,0.0,0.0,0.0,-1.0,109.2,115.6,8.95,11.79,-5.5,-13.51
24,W,115,108,0,0,23,False,0.0,0.0,0.0,0.0,0.0,0.0,0.0,0.0,0.0,0.0,0.0,0.0,1.0,115.0,112.3,7.52,7.76,-14.59,-2.69
13,W,106,104,2,0,23,False,0.0,0.0,0.0,0.0,0.0,0.0,0.0,0.0,0.0,0.0,0.0,0.0,1.0,103.0,108.2,10.35,12.61,-13.33,-10.39
7,W,135,110,3,0,23,False,0.0,0.0,0.0,0.0,0.0,0.0,0.0,0.0,0.0,0.0,0.0,0.0,-2.0,103.5,122.0,13.0,11.9,-13.08,-11.66
15,L,98,119,4,2,23,False,0.0,0.0,0.0,0.0,0.0,0.0,0.0,0.0,0.0,0.0,0.0,0.0,-1.0,100.5,109.5,16.35,10.5,-9.93,-11.58
10,W,125,111,4,1,23,False,0.0,0.0,0.0,0.0,0.0,0.0,0.0,0.0,0.0,0.0,0.0,0.0,-3.0,108.2,110.5,7.91,10.69,-8.35,-9.29
14,L,106,111,5,3,23,False,0.0,0.0,0.0,0.0,0.0,0.0,0.0,0.0,0.0,0.0,0.0,0.0,4.0,111.8,107.0,7.91,14.31,-8.14,-11.51
15,W,110,107,6,3,23,False,0.0,0.0,0.0,0.0,0.0,0.0,0.0,0.0,0.0,0.0,0.0,0.0,-1.0,99.7,112.7,15.37,10.43,-12.79,-12.37
4,W,105,95,7,3,23,False,0.0,0.0,0.0,0.0,0.0,0.0,0.0,0.0,0.0,0.0,0.0,0.0,1.0,119.0,120.5,8.18,6.66,-8.17,-11.28
6,L,112,117,9,5,23,False,0.0,0.0,0.0,0.0,0.0,0.0,0.0,0.0,0.0,0.0,0.0,0.0,-10.0,102.3,130.7,10.8,10.18,-6.99,-6.34
25,W,117,110,9,4,23,False,0.0,0.0,0.0,0.0,0.0,0.0,0.0,0.0,0.0,0.0,0.0,0.0,-7.0,95.5,122.5,15.37,8.04,-11.69,-11.83
2,L,107,109,10,6,23,False,0.0,0.0,0.0,0.0,0.0,0.0,0.0,0.0,0.0,0.0,0.0,0.0,-3.0,118.5,118.0,15.37,4.45,-10.21,-11.83
27,L,113,118,10,7,23,False,0.0,0.0,0.0,0.0,0.0,0.0,0.0,0.0,0.0,0.0,0.0,0.0,-11.0,94.2,120.8,15.37,10.84,-10.21,-10.63
16,L,111,119,10,8,23,False,0.0,0.0,0.0,0.0,0.0,0.0,0.0,0.0,0.0,0.0,0.0,0.0,3.0,115.0,122.0,7.91,13.32,-2.07,-11.69
5,L,96,114,10,9,23,False,0.0,0.0,0.0,0.0,0.0,0.0,0.0,0.0,0.0,0.0,0.0,0.0,-2.0,102.5,110.5,9.1,13.11,-7.38,-11.02
2,L,97,111,11,10,23,False,0.0,0.0,0.0,0.0,0.0,0.0,0.0,0.0,0.0,0.0,0.0,0.0,-1.0,114.7,115.0,9.1,14.53,-7.57,-11.72
12,L,112,118,11,11,23,False,0.0,0.0,0.0,0.0,0.0,0.0,0.0,0.0,0.0,0.0,0.0,0.0,-3.0,99.0,106.8,9.1,-3.24,-7.21,-10.66
13,L,109,128,11,12,23,False,0.0,0.0,0.0,0.0,0.0,0.0,0.0,0.0,0.0,0.0,0.0,0.0,3.0,103.6,107.4,5.25,8.0,-9.04,-8.32
27,W,116,111,11,11,23,False,0.0,0.0,0.0,0.0,0.0,0.0,0.0,0.0,0.0,0.0,0.0,0.0,-2.0,98.0,120.2,5.25,8.6,-6.92,-13.61
11,W,116,100,12,11,23,False,0.0,0.0,0.0,0.0,0.0,0.0,0.0,0.0,0.0,0.0,0.0,0.0,-4.0,104.0,117.5,15.37,2.1,-11.68,-11.63
7,L,120,121,13,13,23,False,0.0,0.0,0.0,0.0,0.0,0.0,0.0,0.0,0.0,0.0,0.0,0.0,4.0,109.8,119.6,15.37,9.42,-11.68,-17.84
17,W,124,118,13,12,23,False,0.0,0.0,0.0,0.0,0.0,0.0,0.0,0.0,0.0,0.0,0.0,0.0,-5.0,105.0,121.0,15.37,8.07,-11.68,-16.18
17,W,133,112,14,12,23,False,0.0,0.0,0.0,0.0,0.0,0.0,0.0,0.0,0.0,0.0,0.0,0.0,1.0,108.8,120.4,15.37,8.07,-11.56,-13.17
25,W,128,112,15,12,23,False,0.0,0.0,0.0,0.0,0.0,0.0,0.0,0.0,0.0,0.0,0.0,0.0,1.0,99.8,120.0,15.37,-1.57,-11.56,-7.39
6,L,110,130,16,14,23,False,0.0,0.0,0.0,0.0,0.0,0.0,0.0,0.0,0.0,0.0,0.0,0.0,-1.0,104.8,127.2,15.37,11.04,-11.68,-9.23
10,W,107,95,16,13,23,False,0.0,0.0,0.0,0.0,0.0,0.0,0.0,0.0,0.0,0.0,0.0,0.0,1.0,111.6,110.6,12.75,12.48,-14.49,-13.1
7,L,107,120,17,17,23,False,0.0,0.0,0.0,0.0,0.0,0.0,0.0,0.0,0.0,0.0,0.0,0.0,-1.0,114.8,119.0,15.37,11.79,-14.49,-15.79
4,W,124,113,17,16,23,False,0.0,0.0,0.0,0.0,0.0,0.0,0.0,0.0,0.0,0.0,0.0,0.0,2.0,114.3,112.0,15.37,10.89,-14.49,-9.31
9,L,112,118,18,18,23,False,0.0,0.0,0.0,0.0,0.0,0.0,0.0,0.0,0.0,0.0,0.0,0.0,-1.0,97.3,118.0,10.8,-0.95,-13.25,-13.2
8,W,135,106,18,17,23,False,0.0,0.0,0.0,0.0,0.0,0.0,0.0,0.0,0.0,0.0,0.0,0.0,1.0,114.5,103.5,15.37,6.95,-14.49,-12.62
17,L,106,113,19,19,23,False,0.0,0.0,0.0,0.0,0.0,0.0,0.0,0.0,0.0,0.0,0.0,0.0,2.0,113.2,119.6,15.37,8.07,-13.53,-15.55
11,L,99,108,19,20,23,False,0.0,0.0,0.0,0.0,0.0,0.0,0.0,0.0,0.0,0.0,0.0,0.0,2.0,108.0,111.7,15.37,5.42,-14.98,-9.37
26,L,105,117,19,21,23,False,0.0,0.0,0.0,0.0,0.0,0.0,0.0,0.0,0.0,0.0,0.0,0.0,2.0,116.0,109.0,15.37,17.43,-14.98,-14.56
5,L,113,119,19,23,23,False,0.0,0.0,0.0,0.0,0.0,0.0,0.0,0.0,0.0,0.0,0.0,0.0,-4.0,100.3,111.7,15.37,11.36,-14.02,-1.19
6,W,136,119,19,22,23,False,0.0,0.0,0.0,0.0,0.0,0.0,0.0,0.0,0.0,0.0,0.0,0.0,-1.0,105.8,127.8,15.37,10.88,-14.33,-20.61
6,W,140,123,20,22,23,False,0.0,0.0,0.0,0.0,0.0,0.0,0.0,0.0,0.0,0.0,0.0,0.0,1.0,109.6,125.2,15.37,-0.32,-13.28,-21.76
7,L,113,122,21,24,23,False,0.0,0.0,0.0,0.0,0.0,0.0,0.0,0.0,0.0,0.0,0.0,0.0,-3.0,112.4,123.0,15.37,11.79,-12.83,-17.05
13,L,112,121,21,26,23,False,0.0,0.0,0.0,0.0,0.0,0.0,0.0,0.0,0.0,0.0,0.0,0.0,-3.0,104.4,115.0,15.37,3.05,-12.83,-9.16
25,W,147,127,21,25,23,False,0.0,0.0,0.0,0.0,0.0,0.0,0.0,0.0,0.0,0.0,0.0,0.0,3.0,108.8,119.6,15.37,1.55,-14.04,-11.16
27,W,134,124,22,25,23,False,0.0,0.0,0.0,0.0,0.0,0.0,0.0,0.0,0.0,0.0,0.0,0.0,1.0,99.8,116.6,15.37,8.34,-14.11,-12.48
26,L,105,123,23,27,23,False,0.0,0.0,0.0,0.0,0.0,0.0,0.0,0.0,0.0,0.0,0.0,0.0,-3.0,112.3,111.7,6.58,15.67,-9.92,-16.47
0,W,129,125,23,26,23,False,0.0,0.0,0.0,0.0,0.0,0.0,0.0,0.0,0.0,0.0,0.0,0.0,-1.0,124.5,126.5,15.37,7.98,-13.23,-12.67
14,W,122,112,24,26,23,False,0.0,0.0,0.0,0.0,0.0,0.0,0.0,0.0,0.0,0.0,0.0,0.0,-1.0,110.6,107.8,15.37,11.6,-13.23,-8.06
28,W,124,116,25,26,23,False,0.0,0.0,0.0,0.0,0.0,0.0,0.0,0.0,0.0,0.0,0.0,0.0,1.0,121.0,114.0,10.8,9.9,-12.94,-8.05
3,L,121,129,26,28,23,False,0.0,0.0,0.0,0.0,0.0,0.0,0.0,0.0,0.0,0.0,0.0,0.0,-1.0,114.0,118.5,10.8,11.4,-12.94,-13.25
16,L,108,127,26,29,23,False,0.0,0.0,0.0,0.0,0.0,0.0,0.0,0.0,0.0,0.0,0.0,0.0,-3.0,113.7,121.0,10.8,12.94,-14.55,-13.32
9,W,125,122,26,28,23,False,0.0,0.0,0.0,0.0,0.0,0.0,0.0,0.0,0.0,0.0,0.0,0.0,-1.0,101.0,118.0,6.6,5.82,-11.55,-12.53
13,W,127,115,27,29,23,False,0.0,0.0,0.0,0.0,0.0,0.0,0.0,0.0,0.0,0.0,0.0,0.0,-3.0,105.6,111.4,0.71,6.71,-15.87,-8.87
28,L,101,126,28,31,23,False,0.0,0.0,0.0,0.0,0.0,0.0,0.0,0.0,0.0,0.0,0.0,0.0,3.0,122.0,114.7,0.71,9.9,-15.87,-15.88
24,L,116,133,28,32,23,False,0.0,0.0,0.0,0.0,0.0,0.0,0.0,0.0,0.0,0.0,0.0,0.0,1.0,115.0,111.2,-15.72,13.75,-15.21,-15.69
10,W,131,114,28,31,23,False,0.0,0.0,0.0,0.0,0.0,0.0,0.0,0.0,0.0,0.0,0.0,0.0,1.0,112.2,111.2,0.06,-1.0,-12.96,-17.71
9,L,105,123,29,33,23,False,0.0,0.0,0.0,0.0,0.0,0.0,0.0,0.0,0.0,0.0,0.0,0.0,1.0,105.8,118.8,0.06,-0.95,-12.96,-15.28
0,L,111,129,29,35,23,False,0.0,0.0,0.0,0.0,0.0,0.0,0.0,0.0,0.0,0.0,0.0,0.0,1.0,126.0,126.0,0.06,16.07,-12.96,-8.05
8,W,110,104,30,34,23,False,0.0,0.0,0.0,0.0,0.0,0.0,0.0,0.0,0.0,0.0,0.0,0.0,1.0,121.3,104.3,0.06,-1.3,-12.96,-16.04
1,L,93,115,31,36,23,False,0.0,0.0,0.0,0.0,0.0,0.0,0.0,0.0,0.0,0.0,0.0,0.0,1.0,113.0,125.0,4.63,13.95,-13.29,-11.5
1,L,112,126,31,40,23,False,0.0,0.0,0.0,0.0,0.0,0.0,0.0,0.0,0.0,0.0,0.0,0.0,-1.0,106.3,121.7,4.54,13.95,-15.96,-13.48
12,L,102,117,31,41,23,False,0.0,0.0,0.0,0.0,0.0,0.0,0.0,0.0,0.0,0.0,0.0,0.0,-2.0,101.6,109.0,5.28,7.51,-15.8,-8.02
27,W,127,115,31,40,23,False,0.0,0.0,0.0,0.0,0.0,0.0,0.0,0.0,0.0,0.0,0.0,0.0,2.0,105.6,117.4,0.08,-0.21,-17.3,-14.11
3,L,96,124,32,42,23,False,0.0,0.0,0.0,0.0,0.0,0.0,0.0,0.0,0.0,0.0,0.0,0.0,-1.0,116.3,122.0,-15.61,3.81,-15.3,-8.77
24,L,80,120,32,45,23,False,0.0,0.0,0.0,0.0,0.0,0.0,0.0,0.0,0.0,0.0,0.0,0.0,-2.0,115.2,115.6,-15.44,13.75,-15.44,-16.56
24,L,114,138,32,46,23,False,0.0,0.0,0.0,0.0,0.0,0.0,0.0,0.0,0.0,0.0,0.0,0.0,-4.0,107.0,114.8,-15.22,13.75,-16.62,-16.15
17,W,107,105,32,45,23,False,0.0,0.0,0.0,0.0,0.0,0.0,0.0,0.0,0.0,0.0,0.0,0.0,-1.0,113.0,120.4,-13.82,13.98,-16.86,-16.9
14,L,109,119,33,47,23,False,0.0,0.0,0.0,0.0,0.0,0.0,0.0,0.0,0.0,0.0,0.0,0.0,2.0,111.8,111.0,-7.18,9.91,-14.07,-9.69
25,L,127,129,33,48,23,False,0.0,0.0,0.0,0.0,0.0,0.0,0.0,0.0,0.0,0.0,0.0,0.0,1.0,119.0,118.4,-11.35,-4.48,-6.82,-12.89
12,L,125,136,33,49,23,False,0.0,0.0,0.0,0.0,0.0,0.0,0.0,0.0,0.0,0.0,0.0,0.0,-6.0,104.8,109.2,-6.96,2.83,-11.62,-12.72
9,L,101,157,33,50,23,False,0.0,0.0,0.0,0.0,0.0,0.0,0.0,0.0,0.0,0.0,0.0,0.0,-1.0,106.2,119.8,-6.31,4.77,-14.16,-12.75
12,L,109,111,0,3,24,False,0.0,0.0,0.0,0.0,0.0,0.0,0.0,0.0,0.0,0.0,0.0,0.0,-3.0,103.8,109.0,9.56,7.74,-3.88,-10.07
9,L,125,130,0,4,24,False,0.0,0.0,0.0,0.0,0.0,0.0,0.0,0.0,0.0,0.0,0.0,0.0,-1.0,102.2,116.8,10.45,10.86,-1.02,-9.15
14,L,110,125,0,5,24,False,0.0,0.0,0.0,0.0,0.0,0.0,0.0,0.0,0.0,0.0,0.0,0.0,-3.0,102.7,126.3,15.74,14.0,-9.99,-4.73
15,W,119,113,0,4,24,False,0.0,0.0,0.0,0.0,0.0,0.0,0.0,0.0,0.0,0.0,0.0,0.0,-1.0,107.5,118.0,15.05,12.11,-9.11,-9.11
4,W,115,108,1,4,24,False,0.0,0.0,0.0,0.0,0.0,0.0,0.0,0.0,0.0,0.0,0.0,0.0,-1.0,131.5,117.0,13.95,6.12,-12.0,-12.2
15,L,107,110,2,6,24,False,0.0,0.0,0.0,0.0,0.0,0.0,0.0,0.0,0.0,0.0,0.0,0.0,1.0,111.3,116.3,5.55,9.41,-14.92,-13.48
9,L,113,116,3,7,24,False,0.0,0.0,0.0,0.0,0.0,0.0,0.0,0.0,0.0,0.0,0.0,0.0,-3.0,106.8,119.4,13.75,11.54,-12.82,-10.21
5,W,127,120,3,6,24,False,0.0,0.0,0.0,0.0,0.0,0.0,0.0,0.0,0.0,0.0,0.0,0.0,-5.0,105.5,113.0,13.75,19.31,-12.63,-9.92
13,W,120,114,4,6,24,False,0.0,0.0,0.0,0.0,0.0,0.0,0.0,0.0,0.0,0.0,0.0,0.0,1.0,118.0,123.0,13.75,2.66,-14.33,-10.52
9,W,122,115,5,6,24,False,0.0,0.0,0.0,0.0,0.0,0.0,0.0,0.0,0.0,0.0,0.0,0.0,-1.0,108.0,118.8,13.75,11.54,-14.33,-11.55
2,W,153,121,6,6,24,False,0.0,0.0,0.0,0.0,0.0,0.0,0.0,0.0,0.0,0.0,0.0,0.0,-1.0,98.5,105.0,13.75,4.45,-14.33,-11.83
25,W,130,112,7,6,24,False,0.0,0.0,0.0,0.0,0.0,0.0,0.0,0.0,0.0,0.0,0.0,0.0,1.0,117.7,120.7,8.42,2.49,-13.09,-8.28
8,W,137,129,8,6,24,False,0.0,0.0,0.0,0.0,0.0,0.0,0.0,0.0,0.0,0.0,0.0,0.0,-2.0,130.0,120.0,13.75,-0.96,-16.33,-14.12
14,W,113,109,9,6,24,False,0.0,0.0,0.0,0.0,0.0,0.0,0.0,0.0,0.0,0.0,0.0,0.0,-4.0,104.5,126.0,13.75,10.2,-16.33,-7.49
0,L,106,115,10,8,24,False,0.0,0.0,0.0,0.0,0.0,0.0,0.0,0.0,0.0,0.0,0.0,0.0,-5.0,103.0,114.5,13.75,16.07,-13.77,-14.98
1,L,104,122,10,9,24,False,0.0,0.0,0.0,0.0,0.0,0.0,0.0,0.0,0.0,0.0,0.0,0.0,-2.0,86.0,127.0,13.75,13.95,-15.39,-14.32
11,W,137,114,10,9,24,False,0.0,0.0,0.0,0.0,0.0,0.0,0.0,0.0,0.0,0.0,0.0,0.0,1.0,100.5,101.5,13.75,7.46,-15.96,-9.33
12,W,123,96,11,9,24,False,0.0,0.0,0.0,0.0,0.0,0.0,0.0,0.0,0.0,0.0,0.0,0.0,-2.0,104.8,109.4,13.75,-3.24,-15.39,-14.0
3,W,110,101,12,9,24,False,0.0,0.0,0.0,0.0,0.0,0.0,0.0,0.0,0.0,0.0,0.0,0.0,1.0,115.0,114.0,13.75,8.95,-13.77,-10.21
16,L,113,126,13,11,24,False,0.0,0.0,0.0,0.0,0.0,0.0,0.0,0.0,0.0,0.0,0.0,0.0,-1.0,126.5,134.0,13.75,16.4,-13.96,-13.08
5,W,106,95,13,10,24,False,0.0,0.0,0.0,0.0,0.0,0.0,0.0,0.0,0.0,0.0,0.0,0.0,1.0,112.7,115.3,5.55,9.83,-17.38,-5.15
26,W,124,123,14,12,24,False,0.0,0.0,0.0,0.0,0.0,0.0,0.0,0.0,0.0,0.0,0.0,0.0,-3.0,95.0,116.0,8.83,11.15,-13.41,-13.18
8,W,122,113,15,12,24,False,0.0,0.0,0.0,0.0,0.0,0.0,0.0,0.0,0.0,0.0,0.0,0.0,6.0,132.3,123.0,13.75,2.26,-15.87,-9.69
4,L,119,125,16,14,24,False,0.0,0.0,0.0,0.0,0.0,0.0,0.0,0.0,0.0,0.0,0.0,0.0,2.0,126.0,114.0,13.75,8.44,-15.85,-8.44
13,W,134,120,16,13,24,False,0.0,0.0,0.0,0.0,0.0,0.0,0.0,0.0,0.0,0.0,0.0,0.0,2.0,118.4,121.2,13.75,4.13,-16.33,-12.23
28,L,111,125,17,15,24,False,0.0,0.0,0.0,0.0,0.0,0.0,0.0,0.0,0.0,0.0,0.0,0.0,2.0,121.0,107.5,13.75,9.9,-16.01,-12.98
7,L,106,113,17,16,24,False,0.0,0.0,0.0,0.0,0.0,0.0,0.0,0.0,0.0,0.0,0.0,0.0,-3.0,107.8,117.5,6.82,4.82,-16.03,-14.78
7,W,127,126,17,15,24,False,0.0,0.0,0.0,0.0,0.0,0.0,0.0,0.0,0.0,0.0,0.0,0.0,-2.0,107.4,116.6,13.75,2.81,-16.0,-20.72
27,W,126,125,18,15,24,False,0.0,0.0,0.0,0.0,0.0,0.0,0.0,0.0,0.0,0.0,0.0,0.0,-4.0,111.0,121.5,13.75,10.84,-16.0,-11.89
14,L,108,118,19,17,24,False,0.0,0.0,0.0,0.0,0.0,0.0,0.0,0.0,0.0,0.0,0.0,0.0,7.0,106.2,122.6,13.75,10.68,-16.0,-14.14
27,W,117,115,19,16,24,False,0.0,0.0,0.0,0.0,0.0,0.0,0.0,0.0,0.0,0.0,0.0,0.0,2.0,114.0,122.2,13.75,10.84,-16.0,-12.84
0,L,117,120,20,18,24,False,0.0,0.0,0.0,0.0,0.0,0.0,0.0,0.0,0.0,0.0,0.0,0.0,-1.0,104.0,114.7,13.75,15.63,-15.39,-11.88
13,L,134,136,20,19,24,False,0.0,0.0,0.0,0.0,0.0,0.0,0.0,0.0,0.0,0.0,0.0,0.0,1.0,117.0,117.8,13.75,0.02,-17.89,-15.17
10,W,135,115,21,18,24,False,0.0,0.0,0.0,0.0,0.0,0.0,0.0,0.0,0.0,0.0,0.0,0.0,2.0,120.2,116.8,8.83,12.48,-16.57,-12.53
10,W,139,114,22,18,24,False,0.0,0.0,0.0,0.0,0.0,0.0,0.0,0.0,0.0,0.0,0.0,0.0,2.0,123.2,116.4,8.83,8.8,-16.56,-14.14
25,W,132,119,23,18,24,False,0.0,0.0,0.0,0.0,0.0,0.0,0.0,0.0,0.0,0.0,0.0,0.0,5.0,120.8,118.5,13.75,1.55,-15.48,-12.37
13,W,116,111,24,18,24,False,0.0,0.0,0.0,0.0,0.0,0.0,0.0,0.0,0.0,0.0,0.0,0.0,-2.0,125.4,121.6,9.0,3.05,-13.78,-12.79
14,W,133,100,26,19,24,False,0.0,0.0,0.0,0.0,0.0,0.0,0.0,0.0,0.0,0.0,0.0,0.0,-1.0,107.6,120.6,13.75,5.36,-16.38,-10.08
26,L,95,113,27,21,24,False,0.0,0.0,0.0,0.0,0.0,0.0,0.0,0.0,0.0,0.0,0.0,0.0,1.0,104.7,118.3,13.75,17.43,-15.81,-14.01
17,L,110,117,27,22,24,False,0.0,0.0,0.0,0.0,0.0,0.0,0.0,0.0,0.0,0.0,0.0,0.0,1.0,114.3,120.0,13.75,8.07,-15.81,-17.48
17,W,118,111,27,21,24,False,0.0,0.0,0.0,0.0,0.0,0.0,0.0,0.0,0.0,0.0,0.0,0.0,-2.0,113.2,119.2,13.75,8.07,-15.39,-16.02
25,W,119,109,28,21,24,False,0.0,0.0,0.0,0.0,0.0,0.0,0.0,0.0,0.0,0.0,0.0,0.0,4.0,123.0,118.6,13.75,0.86,-15.39,-9.76
11,L,104,107,29,23,24,False,0.0,0.0,0.0,0.0,0.0,0.0,0.0,0.0,0.0,0.0,0.0,0.0,1.0,112.7,105.7,5.55,5.42,-15.95,-7.93
10,W,140,120,29,23,24,False,0.0,0.0,0.0,0.0,0.0,0.0,0.0,0.0,0.0,0.0,0.0,0.0,3.0,125.8,116.4,13.75,8.8,-13.81,-15.01
10,W,130,128,30,23,24,False,0.0,0.0,0.0,0.0,0.0,0.0,0.0,0.0,0.0,0.0,0.0,0.0,1.0,131.4,116.8,13.75,8.8,-16.59,-12.24
6,L,114,122,31,25,24,False,0.0,0.0,0.0,0.0,0.0,0.0,0.0,0.0,0.0,0.0,0.0,0.0,-1.0,100.8,106.2,13.75,4.98,-16.59,-16.7
6,W,133,128,31,24,24,False,0.0,0.0,0.0,0.0,0.0,0.0,0.0,0.0,0.0,0.0,0.0,0.0,-1.0,103.4,109.4,13.75,12.71,-17.79,-13.53
12,W,176,175,33,25,24,False,0.0,0.0,0.0,0.0,0.0,0.0,0.0,0.0,0.0,0.0,0.0,0.0,2.0,104.6,105.6,13.75,5.83,-16.59,-7.9
12,W,128,127,36,25,24,False,0.0,0.0,0.0,0.0,0.0,0.0,0.0,0.0,0.0,0.0,0.0,0.0,2.0,119.0,120.8,13.75,3.95,-17.66,-5.54
17,L,134,138,37,27,24,False,0.0,0.0,0.0,0.0,0.0,0.0,0.0,0.0,0.0,0.0,0.0,0.0,1.0,114.2,117.6,13.75,7.12,-16.88,-17.03
16,L,124,133,40,28,24,False,0.0,0.0,0.0,0.0,0.0,0.0,0.0,0.0,0.0,0.0,0.0,0.0,-1.0,122.0,131.3,13.75,15.03,-16.56,-12.01
3,W,117,114,40,27,24,False,0.0,0.0,0.0,0.0,0.0,0.0,0.0,0.0,0.0,0.0,0.0,0.0,3.0,113.3,109.7,13.75,12.85,-17.34,-13.59
2,W,101,96,41,27,24,False,0.0,0.0,0.0,0.0,0.0,0.0,0.0,0.0,0.0,0.0,0.0,0.0,4.0,116.7,110.3,13.75,7.74,-17.34,-7.68
28,W,132,118,42,27,24,False,0.0,0.0,0.0,0.0,0.0,0.0,0.0,0.0,0.0,0.0,0.0,0.0,-1.0,117.7,113.3,6.28,6.29,-17.18,-14.97
27,L,120,128,43,29,24,False,0.0,0.0,0.0,0.0,0.0,0.0,0.0,0.0,0.0,0.0,0.0,0.0,1.0,117.2,123.2,6.28,-9.16,-16.54,-14.17
1,L,109,132,43,30,24,False,0.0,0.0,0.0,0.0,0.0,0.0,0.0,0.0,0.0,0.0,0.0,0.0,-2.0,92.0,125.3,6.28,13.95,-16.54,-8.45
27,W,121,113,44,29,24,False,0.0,0.0,0.0,0.0,0.0,0.0,0.0,0.0,0.0,0.0,0.0,0.0,-1.0,118.6,125.0,5.55,-9.16,-17.68,-15.16
17,L,115,119,45,31,24,False,0.0,0.0,0.0,0.0,0.0,0.0,0.0,0.0,0.0,0.0,0.0,0.0,-1.0,121.6,123.8,13.75,7.12,-16.56,-16.22
25,L,134,142,47,32,24,False,0.0,0.0,0.0,0.0,0.0,0.0,0.0,0.0,0.0,0.0,0.0,0.0,2.0,123.4,113.2,13.75,-8.08,-17.01,-16.14
6,L,119,123,48,33,24,False,0.0,0.0,0.0,0.0,0.0,0.0,0.0,0.0,0.0,0.0,0.0,0.0,1.0,110.2,114.0,13.75,15.03,-17.01,-12.14
9,L,97,119,48,34,24,False,0.0,0.0,0.0,0.0,0.0,0.0,0.0,0.0,0.0,0.0,0.0,0.0,3.0,112.8,119.2,-6.3,4.77,-17.68,-12.8
7,L,95,109,48,35,24,False,0.0,0.0,0.0,0.0,0.0,0.0,0.0,0.0,0.0,0.0,0.0,0.0,1.0,110.6,117.6,13.75,-14.59,-17.81,-11.31
9,W,126,123,0,0,24,True,0.0,0.0,0.0,0.0,0.0,0.0,0.0,0.0,0.0,0.0,0.0,0.0,-2.0,109.4,117.8,13.75,4.77,-16.15,-6.96
9,W,114,106,1,0,24,True,0.0,0.0,0.0,0.0,0.0,0.0,0.0,0.0,0.0,0.0,0.0,0.0,1.0,116.6,120.6,13.75,11.54,-16.15,-11.2
9,L,97,114,2,2,24,True,0.0,0.0,0.0,0.0,0.0,0.0,0.0,0.0,0.0,0.0,0.0,0.0,2.0,114.4,115.8,13.75,11.53,-16.15,-11.26
9,L,125,126,2,3,24,True,0.0,0.0,0.0,0.0,0.0,0.0,0.0,0.0,0.0,0.0,0.0,0.0,-1.0,111.2,115.4,13.75,11.53,-16.15,-11.19
9,L,116,123,2,4,24,True,0.0,0.0,0.0,0.0,0.0,0.0,0.0,0.0,0.0,0.0,0.0,0.0,-2.0,111.8,117.6,13.75,11.53,-16.15,-11.19
9,W,118,99,2,3,24,True,0.0,0.0,0.0,0.0,0.0,0.0,0.0,0.0,0.0,0.0,0.0,0.0,-3.0,115.6,118.4,13.75,11.53,-16.15,-9.8
9,L,100,120,3,5,24,True,0.0,0.0,0.0,0.0,0.0,0.0,0.0,0.0,0.0,0.0,0.0,0.0,1.0,114.0,113.6,13.75,11.54,-16.15,-9.81
4,L,102,129,0,2,25,False,0.0,0.0,0.0,0.0,0.0,0.0,0.0,0.0,0.0,0.0,0.0,0.0,-4.0,116.0,127.0,1.05,7.03,-11.31,-16.41
11,W,137,134,0,1,25,False,0.0,0.0,0.0,0.0,0.0,0.0,0.0,0.0,0.0,0.0,0.0,0.0,-1.0,113.0,125.0,6.1,0.67,-12.28,-6.13
17,W,115,106,2,1,25,False,0.0,0.0,0.0,0.0,0.0,0.0,0.0,0.0,0.0,0.0,0.0,0.0,-1.0,116.7,130.3,2.84,15.66,-11.07,-12.06
17,L,122,134,3,3,25,False,0.0,0.0,0.0,0.0,0.0,0.0,0.0,0.0,0.0,0.0,0.0,0.0,3.0,116.2,124.2,2.85,15.27,-12.33,-12.24
3,W,129,124,3,2,25,False,0.0,0.0,0.0,0.0,0.0,0.0,0.0,0.0,0.0,0.0,0.0,0.0,-1.0,120.0,121.0,4.67,6.49,-12.73,-13.24
17,W,107,98,4,2,25,False,0.0,0.0,0.0,0.0,0.0,0.0,0.0,0.0,0.0,0.0,0.0,0.0,-1.0,117.4,126.2,-1.54,14.93,-5.53,-13.44
26,L,100,143,5,4,25,False,0.0,0.0,0.0,0.0,0.0,0.0,0.0,0.0,0.0,0.0,0.0,0.0,-1.0,104.0,124.0,-3.54,10.4,-6.08,-14.2
12,L,106,113,5,5,25,False,0.0,0.0,0.0,0.0,0.0,0.0,0.0,0.0,0.0,0.0,0.0,0.0,1.0,103.0,97.3,3.71,5.06,-3.18,-11.64
7,L,101,126,5,6,25,False,0.0,0.0,0.0,0.0,0.0,0.0,0.0,0.0,0.0,0.0,0.0,0.0,3.0,111.8,109.2,2.97,11.79,-3.83,-11.51
7,L,109,115,5,7,25,False,0.0,0.0,0.0,0.0,0.0,0.0,0.0,0.0,0.0,0.0,0.0,0.0,-3.0,109.6,112.6,8.04,11.79,-13.23,-11.97
14,L,122,124,5,8,25,False,0.0,0.0,0.0,0.0,0.0,0.0,0.0,0.0,0.0,0.0,0.0,0.0,-1.0,107.8,116.5,8.04,13.85,-13.77,-10.32
16,W,111,93,5,7,25,False,0.0,0.0,0.0,0.0,0.0,0.0,0.0,0.0,0.0,0.0,0.0,0.0,1.0,106.5,107.0,8.04,-3.18,-13.19,-15.29
9,L,95,132,6,9,25,False,0.0,0.0,0.0,0.0,0.0,0.0,0.0,0.0,0.0,0.0,0.0,0.0,-2.0,109.0,109.8,2.7,11.65,-11.63,-13.3
12,L,97,119,6,12,25,False,0.0,0.0,0.0,0.0,0.0,0.0,0.0,0.0,0.0,0.0,0.0,0.0,-2.0,103.8,101.2,0.86,5.95,-7.87,-9.81
13,L,92,123,6,13,25,False,0.0,0.0,0.0,0.0,0.0,0.0,0.0,0.0,0.0,0.0,0.0,0.0,1.0,120.5,114.8,2.59,4.29,-11.45,-7.7
13,L,94,105,6,15,25,False,0.0,0.0,0.0,0.0,0.0,0.0,0.0,0.0,0.0,0.0,0.0,0.0,-5.0,114.8,116.4,8.04,10.27,-14.06,-10.12
13,L,138,143,6,16,25,False,0.0,0.0,0.0,0.0,0.0,0.0,0.0,0.0,0.0,0.0,0.0,0.0,-7.0,109.4,112.4,8.04,3.97,-12.41,-10.14
10,W,118,109,6,18,25,False,0.0,0.0,0.0,0.0,0.0,0.0,0.0,0.0,0.0,0.0,0.0,0.0,4.0,128.0,114.5,-3.79,12.48,-10.26,-11.17
15,W,115,111,7,18,25,False,0.0,0.0,0.0,0.0,0.0,0.0,0.0,0.0,0.0,0.0,0.0,0.0,-1.0,112.0,122.5,-3.79,12.11,-6.85,-13.39
5,W,112,111,8,18,25,False,0.0,0.0,0.0,0.0,0.0,0.0,0.0,0.0,0.0,0.0,0.0,0.0,-1.0,100.5,109.5,-4.99,13.11,-7.35,-6.96
15,L,101,111,9,21,25,False,0.0,0.0,0.0,0.0,0.0,0.0,0.0,0.0,0.0,0.0,0.0,0.0,2.0,113.0,118.7,8.04,8.25,-11.31,-13.34
10,W,124,105,9,20,25,False,0.0,0.0,0.0,0.0,0.0,0.0,0.0,0.0,0.0,0.0,0.0,0.0,1.0,126.0,113.4,0.37,12.48,-10.28,-12.69
27,W,126,122,10,22,25,False,0.0,0.0,0.0,0.0,0.0,0.0,0.0,0.0,0.0,0.0,0.0,0.0,1.0,112.0,112.7,8.04,7.98,-11.13,-12.28
6,L,125,126,12,25,25,False,0.0,0.0,0.0,0.0,0.0,0.0,0.0,0.0,0.0,0.0,0.0,0.0,-3.0,109.0,116.5,1.55,14.6,-10.1,-16.33
2,L,103,139,12,26,25,False,0.0,0.0,0.0,0.0,0.0,0.0,0.0,0.0,0.0,0.0,0.0,0.0,-1.0,110.5,119.0,8.04,12.64,-10.73,-8.06
8,W,121,109,12,26,25,False,0.0,0.0,0.0,0.0,0.0,0.0,0.0,0.0,0.0,0.0,0.0,0.0,-3.0,130.0,113.0,1.55,2.26,-10.32,-10.69
1,L,116,121,13,28,25,False,0.0,0.0,0.0,0.0,0.0,0.0,0.0,0.0,0.0,0.0,0.0,0.0,1.0,97.5,92.5,-8.21,13.95,-8.84,-11.52
14,L,113,121,13,29,25,False,0.0,0.0,0.0,0.0,0.0,0.0,0.0,0.0,0.0,0.0,0.0,0.0,-5.0,110.6,118.0,-3.99,8.75,-10.36,-8.01
14,L,129,135,13,30,25,False,0.0,0.0,0.0,0.0,0.0,0.0,0.0,0.0,0.0,0.0,0.0,0.0,-2.0,112.2,118.6,1.55,14.98,-11.27,-6.9
9,L,113,144,13,31,25,False,0.0,0.0,0.0,0.0,0.0,0.0,0.0,0.0,0.0,0.0,0.0,0.0,-1.0,106.2,114.2,1.55,11.54,-11.27,-7.0
2,W,106,98,13,31,25,False,0.0,0.0,0.0,0.0,0.0,0.0,0.0,0.0,0.0,0.0,0.0,0.0,-2.0,108.0,125.7,1.55,0.46,-11.64,-11.86
12,L,126,131,14,33,25,False,0.0,0.0,0.0,0.0,0.0,0.0,0.0,0.0,0.0,0.0,0.0,0.0,-4.0,102.4,104.8,1.55,3.3,-11.16,-8.91
13,L,104,113,14,35,25,False,0.0,0.0,0.0,0.0,0.0,0.0,0.0,0.0,0.0,0.0,0.0,0.0,-8.0,115.8,118.2,0.86,3.05,-10.1,-5.13
12,L,100,138,14,36,25,False,0.0,0.0,0.0,0.0,0.0,0.0,0.0,0.0,0.0,0.0,0.0,0.0,-1.0,109.2,109.8,-0.26,1.49,-12.75,-11.88
28,L,106,127,14,38,25,False,0.0,0.0,0.0,0.0,0.0,0.0,0.0,0.0,0.0,0.0,0.0,0.0,2.0,136.5,126.0,0.86,10.88,-11.46,-11.75
3,L,104,128,14,41,25,False,0.0,0.0,0.0,0.0,0.0,0.0,0.0,0.0,0.0,0.0,0.0,0.0,1.0,123.0,122.0,-1.79,11.4,-13.06,-13.25
26,L,98,112,14,42,25,False,0.0,0.0,0.0,0.0,0.0,0.0,0.0,0.0,0.0,0.0,0.0,0.0,-1.0,102.7,130.3,-1.79,15.67,-10.53,-17.02
8,L,131,138,14,43,25,False,0.0,0.0,0.0,0.0,0.0,0.0,0.0,0.0,0.0,0.0,0.0,0.0,1.0,127.0,111.7,-14.08,2.26,-8.91,-9.59
0,L,106,125,14,44,25,False,0.0,0.0,0.0,0.0,0.0,0.0,0.0,0.0,0.0,0.0,0.0,0.0,1.0,121.0,122.5,-1.66,16.07,-15.22,-10.27
5,L,109,117,14,45,25,False,0.0,0.0,0.0,0.0,0.0,0.0,0.0,0.0,0.0,0.0,0.0,0.0,3.0,104.3,110.0,-7.01,11.36,-13.89,-7.11
4,L,110,120,14,46,25,False,0.0,0.0,0.0,0.0,0.0,0.0,0.0,0.0,0.0,0.0,0.0,0.0,-1.0,111.3,127.7,-7.01,5.55,-12.11,-7.04
6,L,116,142,14,47,25,False,0.0,0.0,0.0,0.0,0.0,0.0,0.0,0.0,0.0,0.0,0.0,0.0,-1.0,112.2,118.4,-7.88,11.84,-11.38,-9.44
27,L,102,118,14,48,25,False,0.0,0.0,0.0,0.0,0.0,0.0,0.0,0.0,0.0,0.0,0.0,0.0,1.0,115.5,115.0,-7.01,6.04,-12.11,-14.16
27,W,102,94,14,47,25,False,0.0,0.0,0.0,0.0,0.0,0.0,0.0,0.0,0.0,0.0,0.0,0.0,-16.0,112.8,115.6,-7.01,-0.21,-12.11,-13.81
11,W,110,99,15,47,25,False,0.0,0.0,0.0,0.0,0.0,0.0,0.0,0.0,0.0,0.0,0.0,0.0,1.0,121.0,128.0,-10.61,0.72,-5.48,-7.8
10,L,110,122,16,49,25,False,0.0,0.0,0.0,0.0,0.0,0.0,0.0,0.0,0.0,0.0,0.0,0.0,1.0,126.0,108.8,-6.97,10.59,-17.31,-16.88
10,L,110,142,16,50,25,False,0.0,0.0,0.0,0.0,0.0,0.0,0.0,0.0,0.0,0.0,0.0,0.0,-1.0,121.2,112.4,-1.85,10.59,-16.38,-15.58
7,W,128,120,16,49,25,False,0.0,0.0,0.0,0.0,0.0,0.0,0.0,0.0,0.0,0.0,0.0,0.0,-4.0,112.2,115.2,0.17,11.79,-10.77,-12.37
6,L,128,137,18,52,25,False,0.0,0.0,0.0,0.0,0.0,0.0,0.0,0.0,0.0,0.0,0.0,0.0,-15.0,115.6,126.0,-5.82,-7.2,-9.75,-13.25
14,L,120,126,18,53,25,False,0.0,0.0,0.0,0.0,0.0,0.0,0.0,0.0,0.0,0.0,0.0,0.0,-3.0,116.0,122.0,0.17,5.36,-13.29,-8.05
0,W,126,118,18,52,25,False,0.0,0.0,0.0,0.0,0.0,0.0,0.0,0.0,0.0,0.0,0.0,0.0,-12.0,116.0,123.3,2.7,16.07,-18.02,-7.36
16,L,94,130,19,55,25,False,0.0,0.0,0.0,0.0,0.0,0.0,0.0,0.0,0.0,0.0,0.0,0.0,1.0,108.0,102.3,-5.37,15.03,-10.74,-12.41
28,L,124,136,19,56,25,False,0.0,0.0,0.0,0.0,0.0,0.0,0.0,0.0,0.0,0.0,0.0,0.0,-6.0,126.3,126.3,-6.75,-0.41,-9.76,-17.28
1,L,93,137,19,57,25,False,0.0,0.0,0.0,0.0,0.0,0.0,0.0,0.0,0.0,0.0,0.0,0.0,-1.0,103.7,102.0,-2.85,4.0,-15.23,-11.41
27,L,117,128,19,58,25,False,0.0,0.0,0.0,0.0,0.0,0.0,0.0,0.0,0.0,0.0,0.0,0.0,1.0,107.6,109.2,-10.05,-13.25,-14.73,-14.72
9,L,115,130,19,59,25,False,0.0,0.0,0.0,0.0,0.0,0.0,0.0,0.0,0.0,0.0,0.0,0.0,-4.0,106.4,121.6,-6.75,1.08,-9.6,-8.23
17,L,131,151,21,61,25,False,0.0,0.0,0.0,0.0,0.0,0.0,0.0,0.0,0.0,0.0,0.0,0.0,2.0,120.8,122.8,-12.32,13.98,-10.53,-16.9
6,W,138,117,21,60,25,False,0.0,0.0,0.0,0.0,0.0,0.0,0.0,0.0,0.0,0.0,0.0,0.0,-1.0,119.6,131.6,-12.32,-20.01,-6.38,-10.68
5,W,108,105,0,0,26,False,0.0,0.0,0.0,0.0,0.0,0.0,0.0,0.0,0.0,0.0,0.0,0.0,1.0,103.2,113.5,14.8,12.94,-16.64,-10.24
2,L,105,109,1,2,26,False,0.0,0.0,0.0,0.0,0.0,0.0,0.0,0.0,0.0,0.0,0.0,0.0,2.0,118.5,113.0,14.86,11.21,-13.02,-4.28
15,L,109,112,1,3,26,False,0.0,0.0,0.0,0.0,0.0,0.0,0.0,0.0,0.0,0.0,0.0,0.0,-1.0,110.5,111.0,15.15,11.89,-16.7,-12.38
15,W,98,90,1,2,26,False,0.0,0.0,0.0,0.0,0.0,0.0,0.0,0.0,0.0,0.0,0.0,0.0,-2.0,110.2,111.2,8.66,12.54,-16.35,-12.81
0,W,139,109,3,3,26,False,0.0,0.0,0.0,0.0,0.0,0.0,0.0,0.0,0.0,0.0,0.0,0.0,1.0,112.2,112.2,10.4,16.07,-16.4,-14.25
6,L,110,111,5,5,26,False,0.0,0.0,0.0,0.0,0.0,0.0,0.0,0.0,0.0,0.0,0.0,0.0,-2.0,96.5,102.5,10.4,9.6,-13.71,-4.41
3,W,113,104,5,4,26,False,0.0,0.0,0.0,0.0,0.0,0.0,0.0,0.0,0.0,0.0,0.0,0.0,-1.0,109.8,113.8,8.57,6.49,-12.4,-14.91
3,L,97,111,6,6,26,False,0.0,0.0,0.0,0.0,0.0,0.0,0.0,0.0,0.0,0.0,0.0,0.0,1.0,110.4,111.8,8.57,11.4,-12.72,-13.38
10,W,116,109,6,5,26,False,0.0,0.0,0.0,0.0,0.0,0.0,0.0,0.0,0.0,0.0,0.0,0.0,3.0,128.0,117.5,8.57,12.48,-12.21,-13.03
11,L,104,118,7,8,26,False,0.0,0.0,0.0,0.0,0.0,0.0,0.0,0.0,0.0,0.0,0.0,0.0,2.0,110.8,99.8,2.14,7.46,-16.18,-9.23
8,W,115,111,7,7,26,False,0.0,0.0,0.0,0.0,0.0,0.0,0.0,0.0,0.0,0.0,0.0,0.0,-1.0,104.7,112.7,-5.66,0.51,-10.61,-9.92
15,W,112,104,8,7,26,False,0.0,0.0,0.0,0.0,0.0,0.0,0.0,0.0,0.0,0.0,0.0,0.0,1.0,110.0,108.4,-0.12,3.6,-16.89,-6.9
0,L,122,124,9,9,26,False,0.0,0.0,0.0,0.0,0.0,0.0,0.0,0.0,0.0,0.0,0.0,0.0,1.0,117.6,111.6,-0.42,16.07,-14.47,-13.58
2,L,98,112,9,10,26,False,0.0,0.0,0.0,0.0,0.0,0.0,0.0,0.0,0.0,0.0,0.0,0.0,-1.0,115.8,112.2,-4.64,14.53,-14.72,-13.29
6,W,105,100,9,9,26,False,0.0,0.0,0.0,0.0,0.0,0.0,0.0,0.0,0.0,0.0,0.0,0.0,-1.0,101.0,105.3,1.6,10.18,-15.99,-9.31
5,W,100,88,10,9,26,False,0.0,0.0,0.0,0.0,0.0,0.0,0.0,0.0,0.0,0.0,0.0,0.0,1.0,104.2,111.8,3.7,8.39,-10.56,-2.46
2,L,105,114,11,12,26,False,0.0,0.0,0.0,0.0,0.0,0.0,0.0,0.0,0.0,0.0,0.0,0.0,-2.0,114.8,111.4,10.67,13.73,-11.58,-12.69
1,L,110,116,12,13,26,False,0.0,0.0,0.0,0.0,0.0,0.0,0.0,0.0,0.0,0.0,0.0,0.0,3.0,103.8,102.0,10.67,10.47,-13.16,-14.48
13,W,126,113,12,12,26,False,0.0,0.0,0.0,0.0,0.0,0.0,0.0,0.0,0.0,0.0,0.0,0.0,-1.0,118.5,115.5,10.67,-5.06,-13.16,-8.24
2,L,116,119,13,17,26,False,0.0,0.0,0.0,0.0,0.0,0.0,0.0,0.0,0.0,0.0,0.0,0.0,-2.0,110.0,108.0,3.95,14.53,-13.02,-9.69
9,L,110,126,13,18,26,False,0.0,0.0,0.0,0.0,0.0,0.0,0.0,0.0,0.0,0.0,0.0,0.0,1.0,111.5,109.5,3.95,-0.95,-8.04,-14.1
5,W,118,107,14,18,26,False,0.0,0.0,0.0,0.0,0.0,0.0,0.0,0.0,0.0,0.0,0.0,0.0,2.0,104.0,109.0,9.34,11.36,-12.88,-5.87
12,L,113,124,15,20,26,False,0.0,0.0,0.0,0.0,0.0,0.0,0.0,0.0,0.0,0.0,0.0,0.0,5.0,109.5,104.0,9.34,5.76,-13.54,-10.42
14,L,106,119,15,21,26,False,0.0,0.0,0.0,0.0,0.0,0.0,0.0,0.0,0.0,0.0,0.0,0.0,-3.0,108.5,105.5,2.31,14.98,-11.21,-5.9
11,L,114,122,16,22,26,False,0.0,0.0,0.0,0.0,0.0,0.0,0.0,0.0,0.0,0.0,0.0,0.0,-2.0,109.4,103.4,17.43,5.42,-13.5,-7.88
16,L,101,104,16,23,26,False,0.0,0.0,0.0,0.0,0.0,0.0,0.0,0.0,0.0,0.0,0.0,0.0,1.0,105.7,100.0,17.43,7.64,-13.5,-15.41
4,W,132,120,17,23,26,False,0.0,0.0,0.0,0.0,0.0,0.0,0.0,0.0,0.0,0.0,0.0,0.0,-1.0,111.3,113.0,17.43,8.36,-14.56,-10.3
4,W,124,114,18,23,26,False,0.0,0.0,0.0,0.0,0.0,0.0,0.0,0.0,0.0,0.0,0.0,0.0,2.0,116.5,114.8,17.43,8.36,-14.56,-10.43
0,L,103,114,19,25,26,False,0.0,0.0,0.0,0.0,0.0,0.0,0.0,0.0,0.0,0.0,0.0,0.0,-1.0,120.8,116.4,17.43,15.63,-14.33,-13.05
16,L,122,130,20,26,26,False,0.0,0.0,0.0,0.0,0.0,0.0,0.0,0.0,0.0,0.0,0.0,0.0,-2.0,104.5,101.0,17.43,6.29,-15.2,-14.78
17,L,126,128,20,27,26,False,0.0,0.0,0.0,0.0,0.0,0.0,0.0,0.0,0.0,0.0,0.0,0.0,4.0,114.0,96.5,17.43,3.23,-15.2,-15.44
1,L,104,106,20,28,26,False,0.0,0.0,0.0,0.0,0.0,0.0,0.0,0.0,0.0,0.0,0.0,0.0,-1.0,105.0,104.8,14.03,6.18,-11.37,-12.57
9,L,117,129,22,29,26,False,0.0,0.0,0.0,0.0,0.0,0.0,0.0,0.0,0.0,0.0,0.0,0.0,-5.0,111.0,115.0,17.43,8.24,-14.33,-6.1
27,L,128,131,23,31,26,False,0.0,0.0,0.0,0.0,0.0,0.0,0.0,0.0,0.0,0.0,0.0,0.0,5.0,112.5,113.5,15.67,8.88,-16.41,-9.72
10,W,117,111,23,30,26,False,0.0,0.0,0.0,0.0,0.0,0.0,0.0,0.0,0.0,0.0,0.0,0.0,1.0,124.0,114.7,15.67,2.25,-16.41,-14.29
14,W,106,103,24,30,26,False,0.0,0.0,0.0,0.0,0.0,0.0,0.0,0.0,0.0,0.0,0.0,0.0,-2.0,107.7,110.0,15.67,5.7,-16.41,-9.96
27,L,116,122,26,32,26,False,0.0,0.0,0.0,0.0,0.0,0.0,0.0,0.0,0.0,0.0,0.0,0.0,-2.0,117.7,119.3,15.67,0.39,-13.72,-10.43
8,W,119,118,26,31,26,False,0.0,0.0,0.0,0.0,0.0,0.0,0.0,0.0,0.0,0.0,0.0,0.0,1.0,107.2,112.2,14.02,2.26,-11.91,-9.59
8,W,95,91,29,31,26,False,0.0,0.0,0.0,0.0,0.0,0.0,0.0,0.0,0.0,0.0,0.0,0.0,1.0,109.6,113.4,15.52,1.87,-13.79,-10.31
5,L,93,118,30,33,26,False,0.0,0.0,0.0,0.0,0.0,0.0,0.0,0.0,0.0,0.0,0.0,0.0,2.0,107.8,101.6,15.52,11.36,-15.27,-6.83
3,W,104,98,30,32,26,False,0.0,0.0,0.0,0.0,0.0,0.0,0.0,0.0,0.0,0.0,0.0,0.0,-1.0,108.2,111.8,15.79,10.4,-8.92,-8.72
28,L,108,119,31,34,26,False,0.0,0.0,0.0,0.0,0.0,0.0,0.0,0.0,0.0,0.0,0.0,0.0,1.0,100.8,98.2,15.79,7.84,-2.36,-11.86
28,W,116,109,31,33,26,False,0.0,0.0,0.0,0.0,0.0,0.0,0.0,0.0,0.0,0.0,0.0,0.0,-1.0,102.2,102.4,15.79,7.84,-2.36,-12.15
7,L,113,118,32,35,26,False,0.0,0.0,0.0,0.0,0.0,0.0,0.0,0.0,0.0,0.0,0.0,0.0,3.0,118.0,112.5,15.79,11.79,-2.36,-10.71
12,L,100,108,32,36,26,False,0.0,0.0,0.0,0.0,0.0,0.0,0.0,0.0,0.0,0.0,0.0,0.0,-1.0,110.7,110.7,15.79,7.51,-2.36,-7.1
13,L,112,122,32,37,26,False,0.0,0.0,0.0,0.0,0.0,0.0,0.0,0.0,0.0,0.0,0.0,0.0,1.0,121.0,114.7,15.79,8.44,-2.36,-8.9
7,W,125,110,32,36,26,False,0.0,0.0,0.0,0.0,0.0,0.0,0.0,0.0,0.0,0.0,0.0,0.0,-1.0,116.3,114.3,15.79,11.79,-4.22,-10.74
17,W,122,107,34,36,26,False,0.0,0.0,0.0,0.0,0.0,0.0,0.0,0.0,0.0,0.0,0.0,0.0,-2.0,118.0,107.0,15.79,0.7,-8.09,-18.34
16,L,111,118,35,38,26,False,0.0,0.0,0.0,0.0,0.0,0.0,0.0,0.0,0.0,0.0,0.0,0.0,-1.0,108.0,106.8,15.79,15.03,-4.22,-11.67
11,L,114,118,35,39,26,False,0.0,0.0,0.0,0.0,0.0,0.0,0.0,0.0,0.0,0.0,0.0,0.0,-1.0,108.6,107.8,14.53,0.73,-8.35,-7.97
8,W,118,97,35,38,26,False,0.0,0.0,0.0,0.0,0.0,0.0,0.0,0.0,0.0,0.0,0.0,0.0,4.0,104.4,106.2,14.53,-4.81,-11.08,-15.12
28,W,114,104,36,38,26,False,0.0,0.0,0.0,0.0,0.0,0.0,0.0,0.0,0.0,0.0,0.0,0.0,1.0,108.8,104.6,15.79,-2.47,-10.78,-17.61
15,W,106,92,37,38,26,False,0.0,0.0,0.0,0.0,0.0,0.0,0.0,0.0,0.0,0.0,0.0,0.0,2.0,107.6,105.2,15.79,3.87,-12.76,-9.25
4,W,128,108,38,39,26,False,0.0,0.0,0.0,0.0,0.0,0.0,0.0,0.0,0.0,0.0,0.0,0.0,3.0,118.0,114.6,15.79,-17.0,-14.65,-5.77
4,W,120,100,39,39,26,False,0.0,0.0,0.0,0.0,0.0,0.0,0.0,0.0,0.0,0.0,0.0,0.0,1.0,118.6,113.6,15.79,-13.24,-12.98,-13.29
1,L,93,97,40,41,26,False,0.0,0.0,0.0,0.0,0.0,0.0,0.0,0.0,0.0,0.0,0.0,0.0,-3.0,102.8,109.4,15.79,0.52,-9.49,-13.43
1,L,102,121,40,42,26,False,0.0,0.0,0.0,0.0,0.0,0.0,0.0,0.0,0.0,0.0,0.0,0.0,-1.0,103.8,108.0,15.79,3.8,-9.49,-15.94
16,W,121,105,40,41,26,False,0.0,0.0,0.0,0.0,0.0,0.0,0.0,0.0,0.0,0.0,0.0,0.0,-1.0,110.8,111.8,4.36,-9.05,-14.01,-14.37
3,L,105,109,41,43,26,False,0.0,0.0,0.0,0.0,0.0,0.0,0.0,0.0,0.0,0.0,0.0,0.0,1.0,108.0,109.2,15.79,10.4,-8.0,-12.31
7,W,123,102,0,0,27,False,0.0,0.0,0.0,0.0,0.0,0.0,0.0,0.0,0.0,0.0,0.0,0.0,1.0,117.5,106.2,3.67,10.82,-1.3,-9.54
17,W,132,126,1,0,27,False,0.0,0.0,0.0,0.0,0.0,0.0,0.0,0.0,0.0,0.0,0.0,0.0,-5.0,122.5,113.5,3.29,17.27,3.92,-16.49
10,L,108,114,3,2,27,False,0.0,0.0,0.0,0.0,0.0,0.0,0.0,0.0,0.0,0.0,0.0,0.0,3.0,125.0,108.8,8.18,5.31,-4.32,-11.44
10,W,109,101,3,1,27,False,0.0,0.0,0.0,0.0,0.0,0.0,0.0,0.0,0.0,0.0,0.0,0.0,-1.0,121.6,109.8,9.29,8.8,-6.63,-10.88
7,L,101,117,4,3,27,False,0.0,0.0,0.0,0.0,0.0,0.0,0.0,0.0,0.0,0.0,0.0,0.0,1.0,118.6,105.4,10.84,10.91,-9.18,-14.17
14,W,124,123,4,2,27,False,0.0,0.0,0.0,0.0,0.0,0.0,0.0,0.0,0.0,0.0,0.0,0.0,1.0,116.0,117.7,8.6,7.54,-12.78,-11.49
14,W,121,105,5,2,27,False,0.0,0.0,0.0,0.0,0.0,0.0,0.0,0.0,0.0,0.0,0.0,0.0,1.0,118.0,119.0,10.84,10.07,-9.98,-10.7
6,L,100,103,6,4,27,False,0.0,0.0,0.0,0.0,0.0,0.0,0.0,0.0,0.0,0.0,0.0,0.0,-2.0,99.0,107.0,10.84,8.5,-9.49,-6.13
13,W,130,116,6,3,27,False,0.0,0.0,0.0,0.0,0.0,0.0,0.0,0.0,0.0,0.0,0.0,0.0,1.0,106.0,105.3,10.84,11.09,-10.72,-11.25
12,W,110,102,7,3,27,False,0.0,0.0,0.0,0.0,0.0,0.0,0.0,0.0,0.0,0.0,0.0,0.0,-5.0,120.0,105.3,11.21,3.11,-13.04,-11.29
13,W,139,116,8,3,27,False,0.0,0.0,0.0,0.0,0.0,0.0,0.0,0.0,0.0,0.0,0.0,0.0,1.0,112.0,108.0,11.21,-1.87,-14.13,-9.1
0,W,125,119,9,3,27,False,0.0,0.0,0.0,0.0,0.0,0.0,0.0,0.0,0.0,0.0,0.0,0.0,1.0,113.0,98.0,10.84,16.07,-10.48,-15.52
28,L,112,121,10,5,27,False,0.0,0.0,0.0,0.0,0.0,0.0,0.0,0.0,0.0,0.0,0.0,0.0,-2.0,113.0,103.5,10.84,4.02,-10.48,-9.88
12,L,114,121,12,8,27,False,0.0,0.0,0.0,0.0,0.0,0.0,0.0,0.0,0.0,0.0,0.0,0.0,2.0,117.5,104.5,8.6,0.36,-11.84,-9.45
8,L,116,125,12,9,27,False,0.0,0.0,0.0,0.0,0.0,0.0,0.0,0.0,0.0,0.0,0.0,0.0,1.0,113.5,113.5,8.6,-0.12,-12.36,-13.71
9,L,118,129,12,10,27,False,0.0,0.0,0.0,0.0,0.0,0.0,0.0,0.0,0.0,0.0,0.0,0.0,-1.0,106.5,103.2,8.6,11.54,-12.36,-10.31
3,L,107,114,12,12,27,False,0.0,0.0,0.0,0.0,0.0,0.0,0.0,0.0,0.0,0.0,0.0,0.0,1.0,112.0,108.5,8.6,11.4,-12.36,-11.73
12,W,125,112,12,11,27,False,0.0,0.0,0.0,0.0,0.0,0.0,0.0,0.0,0.0,0.0,0.0,0.0,-1.0,116.8,107.8,8.6,-3.24,-13.59,-14.72
11,W,139,119,13,11,27,False,0.0,0.0,0.0,0.0,0.0,0.0,0.0,0.0,0.0,0.0,0.0,0.0,-2.0,106.5,118.0,8.6,7.46,-13.61,-10.85
9,W,124,123,14,12,27,False,0.0,0.0,0.0,0.0,0.0,0.0,0.0,0.0,0.0,0.0,0.0,0.0,-3.0,108.8,108.4,2.66,-3.88,-13.87,-14.79
17,L,108,118,15,14,27,False,0.0,0.0,0.0,0.0,0.0,0.0,0.0,0.0,0.0,0.0,0.0,0.0,2.0,124.4,116.0,-0.0,8.07,-10.51,-15.45
7,L,110,115,15,15,27,False,0.0,0.0,0.0,0.0,0.0,0.0,0.0,0.0,0.0,0.0,0.0,0.0,-1.0,114.4,106.8,-2.47,9.42,-15.89,-17.84
16,L,97,123,17,16,27,False,0.0,0.0,0.0,0.0,0.0,0.0,0.0,0.0,0.0,0.0,0.0,0.0,-1.0,109.0,106.0,10.84,6.67,-13.47,-15.68
5,L,99,122,17,17,27,False,0.0,0.0,0.0,0.0,0.0,0.0,0.0,0.0,0.0,0.0,0.0,0.0,-4.0,100.0,109.5,7.98,11.36,-14.04,-2.93
8,W,126,111,17,16,27,False,0.0,0.0,0.0,0.0,0.0,0.0,0.0,0.0,0.0,0.0,0.0,0.0,-2.0,114.3,117.3,7.98,2.26,-14.04,-9.69
28,W,120,112,18,16,27,False,0.0,0.0,0.0,0.0,0.0,0.0,0.0,0.0,0.0,0.0,0.0,0.0,-1.0,112.7,109.3,7.98,6.29,-13.25,-12.96
9,L,107,112,19,19,27,False,0.0,0.0,0.0,0.0,0.0,0.0,0.0,0.0,0.0,0.0,0.0,0.0,1.0,110.4,108.4,10.84,-2.96,-11.89,-16.01
15,L,123,126,19,21,27,False,0.0,0.0,0.0,0.0,0.0,0.0,0.0,0.0,0.0,0.0,0.0,0.0,-2.0,110.0,114.5,10.84,4.1,-11.89,-10.76
10,W,131,114,19,21,27,False,0.0,0.0,0.0,0.0,0.0,0.0,0.0,0.0,0.0,0.0,0.0,0.0,1.0,119.0,111.8,10.84,12.48,-11.89,-12.51
3,L,118,126,20,23,27,False,0.0,0.0,0.0,0.0,0.0,0.0,0.0,0.0,0.0,0.0,0.0,0.0,-5.0,110.3,110.3,10.84,11.4,-11.89,-13.16
14,L,118,123,20,24,27,False,0.0,0.0,0.0,0.0,0.0,0.0,0.0,0.0,0.0,0.0,0.0,0.0,2.0,118.6,116.2,10.84,5.36,-13.64,-9.33
5,W,116,114,20,23,27,False,0.0,0.0,0.0,0.0,0.0,0.0,0.0,0.0,0.0,0.0,0.0,0.0,-2.0,99.7,113.7,8.34,11.36,-13.82,-5.87
17,W,126,125,22,24,27,False,0.0,0.0,0.0,0.0,0.0,0.0,0.0,0.0,0.0,0.0,0.0,0.0,-1.0,118.8,118.8,4.0,8.07,-15.09,-16.02
12,W,126,103,23,24,27,False,0.0,0.0,0.0,0.0,0.0,0.0,0.0,0.0,0.0,0.0,0.0,0.0,1.0,117.0,109.6,8.34,-2.74,-12.48,-13.59
2,L,106,117,24,26,27,False,0.0,0.0,0.0,0.0,0.0,0.0,0.0,0.0,0.0,0.0,0.0,0.0,-1.0,115.5,108.0,8.34,7.38,-12.48,-12.64
4,W,120,102,24,25,27,False,0.0,0.0,0.0,0.0,0.0,0.0,0.0,0.0,0.0,0.0,0.0,0.0,-3.0,106.5,104.5,8.34,7.67,-12.48,-9.98
6,W,108,100,25,26,27,False,0.0,0.0,0.0,0.0,0.0,0.0,0.0,0.0,0.0,0.0,0.0,0.0,-1.0,98.2,105.6,8.88,0.99,-10.91,-17.76
0,L,108,115,27,28,27,False,0.0,0.0,0.0,0.0,0.0,0.0,0.0,0.0,0.0,0.0,0.0,0.0,4.0,117.0,105.0,8.88,16.07,-10.91,-12.17
6,L,111,124,27,29,27,False,0.0,0.0,0.0,0.0,0.0,0.0,0.0,0.0,0.0,0.0,0.0,0.0,1.0,96.2,100.4,8.88,-5.43,-12.28,-15.91
17,L,118,143,27,30,27,False,0.0,0.0,0.0,0.0,0.0,0.0,0.0,0.0,0.0,0.0,0.0,0.0,1.0,118.4,120.6,6.64,3.44,-15.63,-16.05
11,W,123,117,28,30,27,False,0.0,0.0,0.0,0.0,0.0,0.0,0.0,0.0,0.0,0.0,0.0,0.0,2.0,117.3,118.3,6.64,0.5,-15.85,-6.84
14,L,111,117,29,32,27,False,0.0,0.0,0.0,0.0,0.0,0.0,0.0,0.0,0.0,0.0,0.0,0.0,-2.0,118.6,117.0,-1.09,13.55,-17.12,-7.29
6,L,116,120,31,36,27,False,0.0,0.0,0.0,0.0,0.0,0.0,0.0,0.0,0.0,0.0,0.0,0.0,-2.0,98.4,105.4,-2.86,11.84,-14.32,-10.11
4,W,119,111,32,35,27,False,0.0,0.0,0.0,0.0,0.0,0.0,0.0,0.0,0.0,0.0,0.0,0.0,1.0,111.0,103.7,-0.21,10.87,-14.11,-13.93
15,L,115,119,33,37,27,False,0.0,0.0,0.0,0.0,0.0,0.0,0.0,0.0,0.0,0.0,0.0,0.0,-4.0,114.3,118.3,-0.21,8.62,-14.11,-8.76
1,W,118,117,33,36,27,False,0.0,0.0,0.0,0.0,0.0,0.0,0.0,0.0,0.0,0.0,0.0,0.0,-2.0,117.0,127.5,-0.21,9.18,-14.11,-10.46
16,L,116,144,35,39,27,False,0.0,0.0,0.0,0.0,0.0,0.0,0.0,0.0,0.0,0.0,0.0,0.0,-1.0,105.0,111.7,-9.16,12.94,-12.73,-12.94
1,L,114,122,36,42,27,False,0.0,0.0,0.0,0.0,0.0,0.0,0.0,0.0,0.0,0.0,0.0,0.0,1.0,117.3,124.0,-9.16,10.47,-8.21,-12.73
2,L,110,111,36,43,27,False,0.0,0.0,0.0,0.0,0.0,0.0,0.0,0.0,0.0,0.0,0.0,0.0,-1.0,112.3,111.0,-0.21,7.74,-14.56,-8.99
13,L,133,135,36,44,27,False,0.0,0.0,0.0,0.0,0.0,0.0,0.0,0.0,0.0,0.0,0.0,0.0,3.0,117.4,109.6,-9.4,8.8,-13.26,-8.73
7,W,118,114,36,44,27,False,0.0,0.0,0.0,0.0,0.0,0.0,0.0,0.0,0.0,0.0,0.0,0.0,-2.0,113.4,108.0,-10.97,11.79,-14.38,-16.31
13,L,117,128,37,46,27,False,0.0,0.0,0.0,0.0,0.0,0.0,0.0,0.0,0.0,0.0,0.0,0.0,-3.0,125.0,116.4,-6.89,11.68,-15.73,-7.29
11,W,114,107,0,0,28,False,0.0,0.0,0.0,0.0,0.0,0.0,0.0,0.0,0.0,0.0,0.0,0.0,1.0,121.5,121.5,8.57,-0.38,-13.03,-14.05
3,W,102,100,1,0,28,False,0.0,0.0,0.0,0.0,0.0,0.0,0.0,0.0,0.0,0.0,0.0,0.0,-1.0,111.7,119.0,7.59,6.19,-12.67,-12.2
5,L,107,117,2,2,28,False,0.0,0.0,0.0,0.0,0.0,0.0,0.0,0.0,0.0,0.0,0.0,0.0,-2.0,98.5,98.8,7.23,9.93,-13.36,-6.83
8,W,120,99,2,1,28,False,0.0,0.0,0.0,0.0,0.0,0.0,0.0,0.0,0.0,0.0,0.0,0.0,1.0,109.5,105.0,9.45,10.5,-13.19,-14.01
11,L,117,127,3,3,28,False,0.0,0.0,0.0,0.0,0.0,0.0,0.0,0.0,0.0,0.0,0.0,0.0,1.0,120.0,118.6,9.77,5.67,-12.5,-7.81
1,L,94,112,3,4,28,False,0.0,0.0,0.0,0.0,0.0,0.0,0.0,0.0,0.0,0.0,0.0,0.0,-1.0,105.0,119.8,10.3,14.21,-15.81,-12.18
2,L,86,128,4,6,28,False,0.0,0.0,0.0,0.0,0.0,0.0,0.0,0.0,0.0,0.0,0.0,0.0,1.0,109.5,109.5,7.95,4.45,-12.24,-14.13
14,L,97,103,4,7,28,False,0.0,0.0,0.0,0.0,0.0,0.0,0.0,0.0,0.0,0.0,0.0,0.0,-5.0,105.0,101.0,2.61,13.85,-11.64,-10.32
4,W,108,100,4,6,28,False,0.0,0.0,0.0,0.0,0.0,0.0,0.0,0.0,0.0,0.0,0.0,0.0,-3.0,105.5,112.8,3.07,6.43,-12.43,-11.28
6,W,113,105,5,6,28,False,0.0,0.0,0.0,0.0,0.0,0.0,0.0,0.0,0.0,0.0,0.0,0.0,2.0,127.5,108.5,-3.22,10.18,-12.13,-7.51
14,W,102,92,7,6,28,False,0.0,0.0,0.0,0.0,0.0,0.0,0.0,0.0,0.0,0.0,0.0,0.0,-2.0,102.3,101.7,5.27,3.31,-14.05,-13.92
15,W,107,106,8,7,28,False,0.0,0.0,0.0,0.0,0.0,0.0,0.0,0.0,0.0,0.0,0.0,0.0,-2.0,103.0,113.0,10.3,-4.57,-11.01,-1.16
4,W,106,102,9,7,28,False,0.0,0.0,0.0,0.0,0.0,0.0,0.0,0.0,0.0,0.0,0.0,0.0,1.0,106.0,110.2,8.64,9.29,-16.01,-9.34
15,L,105,113,10,9,28,False,0.0,0.0,0.0,0.0,0.0,0.0,0.0,0.0,0.0,0.0,0.0,0.0,1.0,103.8,111.6,2.94,4.5,-17.08,-15.14
15,L,107,110,10,10,28,False,0.0,0.0,0.0,0.0,0.0,0.0,0.0,0.0,0.0,0.0,0.0,0.0,-1.0,105.4,111.8,8.64,4.5,-15.16,-13.3
1,L,121,130,10,11,28,False,0.0,0.0,0.0,0.0,0.0,0.0,0.0,0.0,0.0,0.0,0.0,0.0,-2.0,102.8,118.2,5.6,6.94,-12.26,-14.36
17,W,142,127,10,10,28,False,0.0,0.0,0.0,0.0,0.0,0.0,0.0,0.0,0.0,0.0,0.0,0.0,1.0,123.5,110.5,10.3,8.6,-14.74,-15.42
2,L,107,113,11,12,28,False,0.0,0.0,0.0,0.0,0.0,0.0,0.0,0.0,0.0,0.0,0.0,0.0,-1.0,104.8,113.2,10.3,13.73,-9.81,-12.83
4,L,116,117,11,13,28,False,0.0,0.0,0.0,0.0,0.0,0.0,0.0,0.0,0.0,0.0,0.0,0.0,2.0,109.8,111.2,10.3,6.76,-9.81,-8.11
13,L,119,130,11,14,28,False,0.0,0.0,0.0,0.0,0.0,0.0,0.0,0.0,0.0,0.0,0.0,0.0,1.0,118.0,120.5,10.3,10.6,-9.81,-9.4
3,L,111,115,11,15,28,False,0.0,0.0,0.0,0.0,0.0,0.0,0.0,0.0,0.0,0.0,0.0,0.0,2.0,109.2,114.2,5.27,8.95,-5.62,-11.92
11,L,111,121,11,16,28,False,0.0,0.0,0.0,0.0,0.0,0.0,0.0,0.0,0.0,0.0,0.0,0.0,-1.0,116.4,117.2,5.27,7.46,-5.62,-9.33
12,L,107,114,11,17,28,False,0.0,0.0,0.0,0.0,0.0,0.0,0.0,0.0,0.0,0.0,0.0,0.0,-1.0,112.0,115.5,2.94,6.11,-19.88,-14.03
2,L,100,112,11,18,28,False,0.0,0.0,0.0,0.0,0.0,0.0,0.0,0.0,0.0,0.0,0.0,0.0,-1.0,108.2,115.0,2.94,12.25,-10.39,-10.92
7,L,128,141,11,19,28,False,0.0,0.0,0.0,0.0,0.0,0.0,0.0,0.0,0.0,0.0,0.0,0.0,-5.0,108.0,120.0,-1.82,9.42,-6.37,-16.99
12,L,93,102,11,20,28,False,0.0,0.0,0.0,0.0,0.0,0.0,0.0,0.0,0.0,0.0,0.0,0.0,-6.0,110.3,115.0,5.27,-3.04,-15.31,-14.43
13,L,117,119,11,21,28,False,0.0,0.0,0.0,0.0,0.0,0.0,0.0,0.0,0.0,0.0,0.0,0.0,-3.0,118.3,123.7,10.3,3.25,-14.07,-9.35
16,W,118,95,16,21,28,False,0.0,0.0,0.0,0.0,0.0,0.0,0.0,0.0,0.0,0.0,0.0,0.0,-2.0,100.3,106.7,4.87,0.99,-7.54,-17.77
16,L,113,123,17,23,28,False,0.0,0.0,0.0,0.0,0.0,0.0,0.0,0.0,0.0,0.0,0.0,0.0,5.0,104.8,103.8,9.9,7.64,-8.66,-10.47
3,W,100,97,17,24,28,False,0.0,0.0,0.0,0.0,0.0,0.0,0.0,0.0,0.0,0.0,0.0,0.0,-4.0,109.6,114.4,-1.82,5.93,-10.89,-13.16
9,L,118,127,18,27,28,False,0.0,0.0,0.0,0.0,0.0,0.0,0.0,0.0,0.0,0.0,0.0,0.0,2.0,117.5,120.5,4.87,11.65,-10.48,-10.45
6,W,127,126,20,26,28,False,0.0,0.0,0.0,0.0,0.0,0.0,0.0,0.0,0.0,0.0,0.0,0.0,2.0,122.7,107.3,6.29,11.04,-12.76,-16.82
10,W,108,103,21,26,28,False,0.0,0.0,0.0,0.0,0.0,0.0,0.0,0.0,0.0,0.0,0.0,0.0,-1.0,104.0,114.5,4.24,8.8,-12.95,-14.37
2,L,123,125,24,29,28,False,0.0,0.0,0.0,0.0,0.0,0.0,0.0,0.0,0.0,0.0,0.0,0.0,-7.0,104.6,113.6,4.87,-2.32,-8.7,-11.36
5,L,91,114,24,30,28,False,0.0,0.0,0.0,0.0,0.0,0.0,0.0,0.0,0.0,0.0,0.0,0.0,-1.0,100.2,102.4,-0.41,11.36,-8.23,-5.32
4,W,118,104,24,29,28,False,0.0,0.0,0.0,0.0,0.0,0.0,0.0,0.0,0.0,0.0,0.0,0.0,-2.0,112.4,112.8,2.56,10.89,-12.12,-6.52
11,W,127,113,25,29,28,False,0.0,0.0,0.0,0.0,0.0,0.0,0.0,0.0,0.0,0.0,0.0,0.0,-5.0,116.6,118.2,5.2,5.42,-15.22,-5.34
9,L,126,135,26,31,28,False,0.0,0.0,0.0,0.0,0.0,0.0,0.0,0.0,0.0,0.0,0.0,0.0,-2.0,117.7,122.7,5.2,5.82,-14.13,-15.03
17,W,114,106,27,30,28,False,0.0,0.0,0.0,0.0,0.0,0.0,0.0,0.0,0.0,0.0,0.0,0.0,1.0,129.7,116.0,9.9,7.12,-15.74,-14.81
3,L,82,102,28,33,28,False,0.0,0.0,0.0,0.0,0.0,0.0,0.0,0.0,0.0,0.0,0.0,0.0,1.0,105.8,109.8,3.66,10.4,-14.99,-8.72
0,W,119,116,28,32,28,False,0.0,0.0,0.0,0.0,0.0,0.0,0.0,0.0,0.0,0.0,0.0,0.0,-1.0,112.5,116.0,3.66,16.07,-9.99,-9.66
16,L,111,117,30,35,28,False,0.0,0.0,0.0,0.0,0.0,0.0,0.0,0.0,0.0,0.0,0.0,0.0,-1.0,106.4,107.6,0.21,12.94,-11.04,-13.51
8,W,119,117,30,34,28,False,0.0,0.0,0.0,0.0,0.0,0.0,0.0,0.0,0.0,0.0,0.0,0.0,1.0,111.6,103.8,7.84,-6.64,-12.15,-14.42
0,L,120,122,31,36,28,False,0.0,0.0,0.0,0.0,0.0,0.0,0.0,0.0,0.0,0.0,0.0,0.0,1.0,113.8,116.0,7.84,16.07,-12.67,-8.05
0,L,107,114,31,37,28,False,0.0,0.0,0.0,0.0,0.0,0.0,0.0,0.0,0.0,0.0,0.0,0.0,-1.0,113.4,118.2,9.9,16.07,-13.7,-8.05
8,W,117,97,31,37,28,False,0.0,0.0,0.0,0.0,0.0,0.0,0.0,0.0,0.0,0.0,0.0,0.0,1.0,111.6,104.0,5.2,-14.86,-14.87,-11.45
5,L,94,117,32,39,28,False,0.0,0.0,0.0,0.0,0.0,0.0,0.0,0.0,0.0,0.0,0.0,0.0,-3.0,99.0,106.4,9.9,6.82,-12.51,-8.93
7,L,104,118,32,42,28,False,0.0,0.0,0.0,0.0,0.0,0.0,0.0,0.0,0.0,0.0,0.0,0.0,-8.0,114.7,127.0,-0.41,11.79,-14.3,-13.51
1,W,130,111,33,42,28,False,0.0,0.0,0.0,0.0,0.0,0.0,0.0,0.0,0.0,0.0,0.0,0.0,-3.0,103.8,122.8,0.18,13.95,-17.7,-9.45
16,L,128,140,34,46,28,False,0.0,0.0,0.0,0.0,0.0,0.0,0.0,0.0,0.0,0.0,0.0,0.0,-2.0,108.4,112.2,-12.45,10.58,-20.38,-13.36
0,L,116,134,34,47,28,False,0.0,0.0,0.0,0.0,0.0,0.0,0.0,0.0,0.0,0.0,0.0,0.0,-2.0,112.6,117.4,-12.45,16.46,-18.91,-15.71
15,W,114,108,34,46,28,False,0.0,0.0,0.0,0.0,0.0,0.0,0.0,0.0,0.0,0.0,0.0,0.0,-2.0,106.2,113.8,-12.18,-8.95,-17.84,-11.26
10,L,109,114,35,48,28,False,0.0,0.0,0.0,0.0,0.0,0.0,0.0,0.0,0.0,0.0,0.0,0.0,4.0,105.3,110.7,-16.54,2.68,-14.71,-17.18
10,W,117,107,0,0,0,False,0.0,0.0,0.0,0.0,0.0,0.0,0.0,0.0,0.0,0.0,0.0,0.0,1.0,128.0,123.0,12.26,-3.26,-11.74,-13.32
4,L,109,126,2,2,0,False,0.0,0.0,0.0,0.0,0.0,0.0,0.0,0.0,0.0,0.0,0.0,0.0,2.0,118.6,109.0,14.43,5.03,-11.46,-13.02
8,W,118,113,2,1,0,False,0.0,0.0,0.0,0.0,0.0,0.0,0.0,0.0,0.0,0.0,0.0,0.0,-1.0,111.0,113.0,14.44,5.81,-7.84,-11.05
8,W,136,112,3,1,0,False,0.0,0.0,0.0,0.0,0.0,0.0,0.0,0.0,0.0,0.0,0.0,0.0,1.0,112.8,113.0,16.31,11.6,-8.19,-13.16
16,L,115,123,4,3,0,False,0.0,0.0,0.0,0.0,0.0,0.0,0.0,0.0,0.0,0.0,0.0,0.0,-2.0,118.7,112.7,16.07,11.6,-13.11,-8.46
16,W,117,98,6,3,0,False,0.0,0.0,0.0,0.0,0.0,0.0,0.0,0.0,0.0,0.0,0.0,0.0,-1.0,117.8,115.2,7.98,13.32,-11.15,-11.79
16,W,121,106,8,5,0,False,0.0,0.0,0.0,0.0,0.0,0.0,0.0,0.0,0.0,0.0,0.0,0.0,3.0,117.6,111.8,16.07,6.21,-15.38,-12.1
1,L,101,126,9,7,0,False,0.0,0.0,0.0,0.0,0.0,0.0,0.0,0.0,0.0,0.0,0.0,0.0,-1.0,102.8,100.8,16.07,12.66,-15.93,-14.49
5,L,102,114,10,8,0,False,0.0,0.0,0.0,0.0,0.0,0.0,0.0,0.0,0.0,0.0,0.0,0.0,3.0,115.6,108.6,11.19,13.11,-13.06,-11.53
10,L,122,128,11,9,0,False,0.0,0.0,0.0,0.0,0.0,0.0,0.0,0.0,0.0,0.0,0.0,0.0,1.0,124.3,117.7,15.63,5.23,-16.29,-15.75
15,L,98,106,11,10,0,False,0.0,0.0,0.0,0.0,0.0,0.0,0.0,0.0,0.0,0.0,0.0,0.0,-2.0,97.4,109.4,15.63,9.41,-14.71,-17.19
7,W,117,109,12,10,0,False,0.0,0.0,0.0,0.0,0.0,0.0,0.0,0.0,0.0,0.0,0.0,0.0,-1.0,105.5,119.0,-4.34,9.42,-6.35,-19.51
2,L,116,120,13,14,0,False,0.0,0.0,0.0,0.0,0.0,0.0,0.0,0.0,0.0,0.0,0.0,0.0,5.0,111.7,115.0,-1.11,12.58,-14.46,-12.52
3,W,123,122,13,13,0,False,0.0,0.0,0.0,0.0,0.0,0.0,0.0,0.0,0.0,0.0,0.0,0.0,1.0,118.2,124.2,-0.19,11.4,-11.66,-14.19
14,L,103,128,14,15,0,False,0.0,0.0,0.0,0.0,0.0,0.0,0.0,0.0,0.0,0.0,0.0,0.0,1.0,126.0,102.5,-9.79,3.01,-13.56,-11.66
4,W,125,106,14,15,0,False,0.0,0.0,0.0,0.0,0.0,0.0,0.0,0.0,0.0,0.0,0.0,0.0,-1.0,117.4,113.2,4.77,10.86,-15.72,-8.9
3,L,108,110,16,17,0,False,0.0,0.0,0.0,0.0,0.0,0.0,0.0,0.0,0.0,0.0,0.0,0.0,1.0,119.2,123.8,15.63,8.95,-14.68,-13.4
8,W,130,105,16,16,0,False,0.0,0.0,0.0,0.0,0.0,0.0,0.0,0.0,0.0,0.0,0.0,0.0,2.0,117.4,112.8,16.07,2.26,-12.1,-9.69
11,L,114,129,17,18,0,False,0.0,0.0,0.0,0.0,0.0,0.0,0.0,0.0,0.0,0.0,0.0,0.0,2.0,127.5,118.5,16.15,5.42,-17.81,-7.88
2,L,107,108,17,19,0,False,0.0,0.0,0.0,0.0,0.0,0.0,0.0,0.0,0.0,0.0,0.0,0.0,-3.0,112.8,116.2,2.66,14.53,-14.42,-10.21
13,L,121,130,17,20,0,False,0.0,0.0,0.0,0.0,0.0,0.0,0.0,0.0,0.0,0.0,0.0,0.0,7.0,123.5,127.5,10.75,1.52,-13.04,-6.35
9,L,141,143,17,21,0,False,0.0,0.0,0.0,0.0,0.0,0.0,0.0,0.0,0.0,0.0,0.0,0.0,1.0,117.0,118.5,15.63,-0.95,-13.49,-13.66
13,L,114,130,18,22,0,False,0.0,0.0,0.0,0.0,0.0,0.0,0.0,0.0,0.0,0.0,0.0,0.0,-3.0,122.7,128.3,15.63,0.02,-11.88,-11.43
12,W,112,108,18,21,0,False,0.0,0.0,0.0,0.0,0.0,0.0,0.0,0.0,0.0,0.0,0.0,0.0,1.0,102.5,106.0,15.63,-1.97,-11.88,-10.86
16,L,105,114,19,23,0,False,0.0,0.0,0.0,0.0,0.0,0.0,0.0,0.0,0.0,0.0,0.0,0.0,1.0,117.8,113.0,7.54,12.94,-13.66,-11.62
11,W,113,111,19,22,0,False,0.0,0.0,0.0,0.0,0.0,0.0,0.0,0.0,0.0,0.0,0.0,0.0,-1.0,124.8,120.6,15.63,-0.01,-13.05,-13.41
15,W,121,113,21,22,0,False,0.0,0.0,0.0,0.0,0.0,0.0,0.0,0.0,0.0,0.0,0.0,0.0,-2.0,98.8,107.6,15.63,9.59,-10.22,-11.58
6,W,130,122,22,22,0,False,0.0,0.0,0.0,0.0,0.0,0.0,0.0,0.0,0.0,0.0,0.0,0.0,-2.0,103.5,95.0,15.63,12.22,-11.62,-16.36
4,L,118,122,24,24,0,False,0.0,0.0,0.0,0.0,0.0,0.0,0.0,0.0,0.0,0.0,0.0,0.0,1.0,117.0,108.4,16.07,7.67,-16.01,-4.83
3,L,100,111,24,25,0,False,0.0,0.0,0.0,0.0,0.0,0.0,0.0,0.0,0.0,0.0,0.0,0.0,-1.0,117.2,119.8,16.59,11.4,-13.74,-17.27
12,L,113,120,25,26,0,False,0.0,0.0,0.0,0.0,0.0,0.0,0.0,0.0,0.0,0.0,0.0,0.0,1.0,105.7,106.7,16.07,1.49,-10.59,-12.23
7,L,108,128,27,28,0,False,0.0,0.0,0.0,0.0,0.0,0.0,0.0,0.0,0.0,0.0,0.0,0.0,2.0,109.3,115.7,6.27,11.79,-11.61,-15.79
4,L,138,144,29,30,0,False,0.0,0.0,0.0,0.0,0.0,0.0,0.0,0.0,0.0,0.0,0.0,0.0,-1.0,118.0,114.6,14.83,8.71,-10.26,-7.24
5,W,136,119,29,30,0,False,0.0,0.0,0.0,0.0,0.0,0.0,0.0,0.0,0.0,0.0,0.0,0.0,-1.0,117.0,111.2,14.83,11.36,-10.26,-5.46
2,W,129,127,30,30,0,False,0.0,0.0,0.0,0.0,0.0,0.0,0.0,0.0,0.0,0.0,0.0,0.0,-2.0,111.6,114.6,16.07,7.74,-8.05,-7.68
15,L,109,117,32,33,0,False,0.0,0.0,0.0,0.0,0.0,0.0,0.0,0.0,0.0,0.0,0.0,0.0,3.0,102.0,107.2,16.07,8.62,-8.05,-8.99
15,L,128,130,32,34,0,False,0.0,0.0,0.0,0.0,0.0,0.0,0.0,0.0,0.0,0.0,0.0,0.0,-1.0,101.6,108.6,16.07,10.67,-8.05,-13.39
1,L,125,134,34,35,0,False,0.0,0.0,0.0,0.0,0.0,0.0,0.0,0.0,0.0,0.0,0.0,0.0,-1.0,102.4,105.8,16.07,13.95,-10.34,-11.5
17,L,115,136,34,36,0,False,0.0,0.0,0.0,0.0,0.0,0.0,0.0,0.0,0.0,0.0,0.0,0.0,2.0,127.5,116.0,16.07,7.12,-9.72,-17.24
9,W,127,119,34,35,0,False,0.0,0.0,0.0,0.0,0.0,0.0,0.0,0.0,0.0,0.0,0.0,0.0,-4.0,125.0,126.7,16.07,-0.18,-7.36,-9.17
8,W,129,107,35,36,0,False,0.0,0.0,0.0,0.0,0.0,0.0,0.0,0.0,0.0,0.0,0.0,0.0,1.0,119.0,113.0,13.34,-7.58,-11.75,-13.19
17,L,124,125,36,38,0,False,0.0,0.0,0.0,0.0,0.0,0.0,0.0,0.0,0.0,0.0,0.0,0.0,-2.0,123.3,122.7,13.34,6.35,-11.75,-11.14
11,W,143,130,36,37,0,False,0.0,0.0,0.0,0.0,0.0,0.0,0.0,0.0,0.0,0.0,0.0,0.0,1.0,124.6,120.6,16.59,2.66,-11.75,-8.04
14,L,119,123,37,39,0,False,0.0,0.0,0.0,0.0,0.0,0.0,0.0,0.0,0.0,0.0,0.0,0.0,-1.0,118.3,111.0,16.07,11.6,-10.79,-6.76
5,W,120,118,37,38,0,False,0.0,0.0,0.0,0.0,0.0,0.0,0.0,0.0,0.0,0.0,0.0,0.0,1.0,120.0,111.4,16.07,14.32,-10.79,-8.05
2,L,107,124,38,40,0,False,0.0,0.0,0.0,0.0,0.0,0.0,0.0,0.0,0.0,0.0,0.0,0.0,2.0,115.8,116.6,16.46,7.74,-13.11,-8.99
6,W,132,130,38,39,0,False,0.0,0.0,0.0,0.0,0.0,0.0,0.0,0.0,0.0,0.0,0.0,0.0,4.0,112.3,104.0,16.46,15.03,-13.11,-12.14
3,W,123,105,39,39,0,False,0.0,0.0,0.0,0.0,0.0,0.0,0.0,0.0,0.0,0.0,0.0,0.0,-2.0,113.8,115.8,12.07,10.4,-15.71,-12.16
1,L,114,120,41,42,0,False,0.0,0.0,0.0,0.0,0.0,0.0,0.0,0.0,0.0,0.0,0.0,0.0,-1.0,105.4,112.8,-1.81,-10.39,-16.22,-14.8
15,W,116,105,41,41,0,False,0.0,0.0,0.0,0.0,0.0,0.0,0.0,0.0,0.0,0.0,0.0,0.0,-2.0,110.0,112.6,16.07,10.67,-9.66,-9.63
1,L,99,112,0,2,0,True,0.0,0.0,0.0,0.0,0.0,0.0,0.0,0.0,0.0,0.0,0.0,0.0,-2.0,106.6,118.4,16.07,13.95,-9.66,-10.62
1,L,106,119,0,3,0,True,0.0,0.0,0.0,0.0,0.0,0.0,0.0,0.0,0.0,0.0,0.0,0.0,-1.0,107.4,119.8,16.07,13.95,-9.66,-10.62
1,W,130,122,0,2,0,True,0.0,0.0,0.0,0.0,0.0,0.0,0.0,0.0,0.0,0.0,0.0,0.0,-2.0,109.0,122.2,16.07,13.95,-9.66,-10.62
1,L,121,129,1,4,0,True,0.0,0.0,0.0,0.0,0.0,0.0,0.0,0.0,0.0,0.0,0.0,0.0,1.0,114.8,121.4,16.07,13.95,-9.66,-7.03
1,W,119,117,1,3,0,True,0.0,0.0,0.0,0.0,0.0,0.0,0.0,0.0,0.0,0.0,0.0,0.0,-1.0,114.0,120.4,13.34,13.95,-8.3,-10.62
1,L,120,128,2,5,0,True,0.0,0.0,0.0,0.0,0.0,0.0,0.0,0.0,0.0,0.0,0.0,0.0,1.0,115.0,119.8,16.07,13.95,-9.66,-10.62
15,W,111,104,1,0,1,False,0.0,0.0,0.0,0.0,0.0,0.0,0.0,0.0,0.0,0.0,0.0,0.0,1.0,100.2,95.6,16.74,10.18,-6.1,-11.61
3,L,102,120,3,2,1,False,0.0,0.0,0.0,0.0,0.0,0.0,0.0,0.0,0.0,0.0,0.0,0.0,3.0,115.0,111.3,16.11,10.32,-11.04,-9.94
5,L,123,132,3,3,1,False,0.0,0.0,0.0,0.0,0.0,0.0,0.0,0.0,0.0,0.0,0.0,0.0,1.0,99.3,94.7,16.72,11.3,-12.13,-8.48
5,L,113,114,4,4,1,False,0.0,0.0,0.0,0.0,0.0,0.0,0.0,0.0,0.0,0.0,0.0,0.0,-2.0,105.2,104.0,13.95,17.19,-12.9,-10.77
3,W,123,119,4,3,1,False,0.0,0.0,0.0,0.0,0.0,0.0,0.0,0.0,0.0,0.0,0.0,0.0,-1.0,111.8,113.5,13.95,11.4,-12.95,-13.38
14,W,109,106,6,3,1,False,0.0,0.0,0.0,0.0,0.0,0.0,0.0,0.0,0.0,0.0,0.0,0.0,1.0,129.5,108.5,13.3,12.41,-12.04,-10.96
8,W,128,112,7,3,1,False,0.0,0.0,0.0,0.0,0.0,0.0,0.0,0.0,0.0,0.0,0.0,0.0,5.0,110.0,103.0,13.3,11.14,-12.61,-13.66
7,W,131,112,8,3,1,False,0.0,0.0,0.0,0.0,0.0,0.0,0.0,0.0,0.0,0.0,0.0,0.0,3.0,116.0,103.0,13.3,11.79,-14.73,-13.54
8,W,117,108,9,3,1,False,0.0,0.0,0.0,0.0,0.0,0.0,0.0,0.0,0.0,0.0,0.0,0.0,4.0,113.6,104.8,5.31,4.98,-10.21,-14.03
3,L,107,121,13,5,1,False,0.0,0.0,0.0,0.0,0.0,0.0,0.0,0.0,0.0,0.0,0.0,0.0,1.0,114.0,114.6,13.3,11.4,-12.46,-11.73
6,W,125,112,13,4,1,False,0.0,0.0,0.0,0.0,0.0,0.0,0.0,0.0,0.0,0.0,0.0,0.0,-1.0,98.0,101.0,13.95,10.18,-12.87,-8.99
4,W,140,105,16,4,1,False,0.0,0.0,0.0,0.0,0.0,0.0,0.0,0.0,0.0,0.0,0.0,0.0,4.0,117.5,112.0,5.31,0.28,-14.36,-2.71
15,W,134,121,17,4,1,False,0.0,0.0,0.0,0.0,0.0,0.0,0.0,0.0,0.0,0.0,0.0,0.0,2.0,101.8,94.6,13.95,9.41,-10.56,-15.66
15,L,116,120,18,6,1,False,0.0,0.0,0.0,0.0,0.0,0.0,0.0,0.0,0.0,0.0,0.0,0.0,5.0,108.2,102.4,13.95,12.11,-10.56,-13.28
2,W,103,92,18,5,1,False,0.0,0.0,0.0,0.0,0.0,0.0,0.0,0.0,0.0,0.0,0.0,0.0,4.0,116.0,111.2,12.66,13.73,-14.71,-7.13
9,L,107,123,21,7,1,False,0.0,0.0,0.0,0.0,0.0,0.0,0.0,0.0,0.0,0.0,0.0,0.0,-3.0,97.0,104.2,9.82,8.24,-11.89,-12.67
12,L,93,113,21,8,1,False,0.0,0.0,0.0,0.0,0.0,0.0,0.0,0.0,0.0,0.0,0.0,0.0,-3.0,96.5,102.5,10.47,5.76,-9.78,-11.68
13,W,122,118,21,7,1,False,0.0,0.0,0.0,0.0,0.0,0.0,0.0,0.0,0.0,0.0,0.0,0.0,-1.0,116.0,112.5,10.47,10.6,-9.78,-7.87
11,L,112,117,22,11,1,False,0.0,0.0,0.0,0.0,0.0,0.0,0.0,0.0,0.0,0.0,0.0,0.0,1.0,113.8,112.2,9.44,5.42,-10.72,-7.32
17,W,121,109,22,10,1,False,0.0,0.0,0.0,0.0,0.0,0.0,0.0,0.0,0.0,0.0,0.0,0.0,6.0,118.5,110.0,13.95,6.18,-11.99,-15.89
16,W,139,118,23,10,1,False,0.0,0.0,0.0,0.0,0.0,0.0,0.0,0.0,0.0,0.0,0.0,0.0,2.0,108.2,99.4,13.95,12.94,-9.29,-12.12
10,W,126,102,24,10,1,False,0.0,0.0,0.0,0.0,0.0,0.0,0.0,0.0,0.0,0.0,0.0,0.0,3.0,107.5,93.5,13.95,10.59,-10.91,-15.51
12,W,116,110,25,10,1,False,0.0,0.0,0.0,0.0,0.0,0.0,0.0,0.0,0.0,0.0,0.0,0.0,-2.0,95.3,106.0,13.95,5.76,-13.0,-8.85
7,L,111,123,26,12,1,False,0.0,0.0,0.0,0.0,0.0,0.0,0.0,0.0,0.0,0.0,0.0,0.0,5.0,121.0,106.0,13.95,11.74,-11.94,-19.51
6,W,124,95,26,12,1,False,0.0,0.0,0.0,0.0,0.0,0.0,0.0,0.0,0.0,0.0,0.0,0.0,1.0,107.0,104.7,13.95,14.6,-11.52,-16.33
3,W,107,99,28,12,1,False,0.0,0.0,0.0,0.0,0.0,0.0,0.0,0.0,0.0,0.0,0.0,0.0,-1.0,112.6,113.2,11.9,11.4,-12.57,-11.88
2,W,109,98,30,12,1,False,0.0,0.0,0.0,0.0,0.0,0.0,0.0,0.0,0.0,0.0,0.0,0.0,1.0,111.4,105.6,7.84,7.38,-14.61,-12.32
4,W,122,106,31,12,1,False,0.0,0.0,0.0,0.0,0.0,0.0,0.0,0.0,0.0,0.0,0.0,0.0,4.0,122.0,110.6,8.03,8.36,-14.11,-10.43
4,W,130,118,32,12,1,False,0.0,0.0,0.0,0.0,0.0,0.0,0.0,0.0,0.0,0.0,0.0,0.0,6.0,118.4,106.0,8.03,8.36,-14.14,-9.98
9,W,121,118,33,12,1,False,0.0,0.0,0.0,0.0,0.0,0.0,0.0,0.0,0.0,0.0,0.0,0.0,-1.0,100.8,107.4,12.53,12.79,-10.2,-10.01
15,L,95,98,35,15,1,False,0.0,0.0,0.0,0.0,0.0,0.0,0.0,0.0,0.0,0.0,0.0,0.0,-1.0,112.8,110.4,3.34,9.41,-19.8,-13.71
13,W,125,121,35,15,1,False,0.0,0.0,0.0,0.0,0.0,0.0,0.0,0.0,0.0,0.0,0.0,0.0,1.0,118.0,114.3,12.66,3.05,-14.61,-3.73
2,W,139,96,36,15,1,False,0.0,0.0,0.0,0.0,0.0,0.0,0.0,0.0,0.0,0.0,0.0,0.0,5.0,110.2,102.4,11.9,6.96,-12.57,-12.83
8,W,111,99,37,16,1,False,0.0,0.0,0.0,0.0,0.0,0.0,0.0,0.0,0.0,0.0,0.0,0.0,6.0,116.6,107.8,3.8,5.76,-13.01,-12.68
4,W,127,116,39,16,1,False,0.0,0.0,0.0,0.0,0.0,0.0,0.0,0.0,0.0,0.0,0.0,0.0,7.0,124.0,107.4,3.62,8.71,-9.24,-4.58
14,W,119,109,40,16,1,False,0.0,0.0,0.0,0.0,0.0,0.0,0.0,0.0,0.0,0.0,0.0,0.0,3.0,122.7,107.7,3.8,11.6,-14.85,-5.9
16,L,125,131,41,18,1,False,0.0,0.0,0.0,0.0,0.0,0.0,0.0,0.0,0.0,0.0,0.0,0.0,2.0,115.8,102.4,-7.17,12.94,-14.0,-14.75
8,W,127,109,41,17,1,False,0.0,0.0,0.0,0.0,0.0,0.0,0.0,0.0,0.0,0.0,0.0,0.0,1.0,116.6,105.2,5.5,2.26,-12.26,-10.12
11,W,142,138,42,17,1,False,0.0,0.0,0.0,0.0,0.0,0.0,0.0,0.0,0.0,0.0,0.0,0.0,-3.0,113.4,113.2,12.53,5.42,-8.56,-7.3
5,W,117,113,44,18,1,False,0.0,0.0,0.0,0.0,0.0,0.0,0.0,0.0,0.0,0.0,0.0,0.0,-1.0,106.8,106.0,12.53,11.36,-8.56,-5.56
2,L,105,115,45,20,1,False,0.0,0.0,0.0,0.0,0.0,0.0,0.0,0.0,0.0,0.0,0.0,0.0,2.0,115.2,100.2,12.53,7.74,-9.84,-7.83
5,L,114,118,45,22,1,False,0.0,0.0,0.0,0.0,0.0,0.0,0.0,0.0,0.0,0.0,0.0,0.0,1.0,112.4,110.4,2.22,11.36,-7.91,-7.87
10,L,109,111,47,23,1,False,0.0,0.0,0.0,0.0,0.0,0.0,0.0,0.0,0.0,0.0,0.0,0.0,3.0,113.7,96.3,13.95,8.1,-11.5,-16.88
17,W,104,102,47,22,1,False,0.0,0.0,0.0,0.0,0.0,0.0,0.0,0.0,0.0,0.0,0.0,0.0,1.0,119.3,109.7,13.95,7.12,-11.5,-16.65
11,W,120,95,50,23,1,False,0.0,0.0,0.0,0.0,0.0,0.0,0.0,0.0,0.0,0.0,0.0,0.0,2.0,121.6,121.2,13.95,6.56,-11.82,-8.03
16,W,140,99,52,24,1,False,0.0,0.0,0.0,0.0,0.0,0.0,0.0,0.0,0.0,0.0,0.0,0.0,-1.0,117.6,107.0,13.95,15.03,-8.45,-9.83
15,L,116,123,8,7,1,True,0.0,0.0,0.0,0.0,0.0,0.0,0.0,0.0,0.0,0.0,0.0,0.0,-2.0,111.2,107.8,12.53,6.95,-9.83,-12.32
15,L,105,111,8,8,1,True,0.0,0.0,0.0,0.0,0.0,0.0,0.0,0.0,0.0,0.0,0.0,0.0,-1.0,114.4,113.2,12.53,6.95,-9.83,-12.32
15,L,102,128,8,9,1,True,0.0,0.0,0.0,0.0,0.0,0.0,0.0,0.0,0.0,0.0,0.0,0.0,-2.0,113.2,114.6,13.95,6.95,-10.62,-12.32
15,W,116,99,8,8,1,True,0.0,0.0,0.0,0.0,0.0,0.0,0.0,0.0,0.0,0.0,0.0,0.0,-3.0,106.8,116.0,13.95,6.95,-10.62,-12.32
15,W,110,97,9,8,1,True,0.0,0.0,0.0,0.0,0.0,0.0,0.0,0.0,0.0,0.0,0.0,0.0,1.0,106.8,111.8,13.95,9.46,-10.62,-15.21
15,W,104,103,10,8,1,True,0.0,0.0,0.0,0.0,0.0,0.0,0.0,0.0,0.0,0.0,0.0,0.0,2.0,109.8,111.6,13.95,7.91,-11.99,-12.92
15,L,84,103,11,10,1,True,0.0,0.0,0.0,0.0,0.0,0.0,0.0,0.0,0.0,0.0,0.0,0.0,3.0,107.4,107.6,13.95,7.91,-10.62,-12.92
14,L,124,134,1,3,2,False,0.0,0.0,0.0,0.0,0.0,0.0,0.0,0.0,0.0,0.0,0.0,0.0,-1.0,112.0,125.0,8.68,11.88,-5.6,-4.32
16,L,99,110,1,4,2,False,0.0,0.0,0.0,0.0,0.0,0.0,0.0,0.0,0.0,0.0,0.0,0.0,-1.0,114.5,122.8,11.43,4.8,-11.13,-8.22
6,L,125,129,1,5,2,False,0.0,0.0,0.0,0.0,0.0,0.0,0.0,0.0,0.0,0.0,0.0,0.0,-1.0,106.5,106.0,11.94,6.74,-12.2,-2.86
11,L,116,125,1,6,2,False,0.0,0.0,0.0,0.0,0.0,0.0,0.0,0.0,0.0,0.0,0.0,0.0,4.0,122.7,115.0,14.53,3.89,-10.38,-6.47
11,W,116,109,1,5,2,False,0.0,0.0,0.0,0.0,0.0,0.0,0.0,0.0,0.0,0.0,0.0,0.0,-4.0,121.0,117.5,13.71,7.41,-15.17,-8.69
3,L,99,108,2,7,2,False,0.0,0.0,0.0,0.0,0.0,0.0,0.0,0.0,0.0,0.0,0.0,0.0,1.0,113.3,113.7,13.73,11.63,-13.5,-13.85
4,W,98,94,3,6,2,False,0.0,0.0,0.0,0.0,0.0,0.0,0.0,0.0,0.0,0.0,0.0,0.0,-1.0,112.3,117.0,4.45,6.3,-10.8,-10.06
6,L,94,96,4,8,2,False,0.0,0.0,0.0,0.0,0.0,0.0,0.0,0.0,0.0,0.0,0.0,0.0,-3.0,112.7,113.7,4.45,8.5,-8.75,-6.49
12,W,110,95,5,7,2,False,0.0,0.0,0.0,0.0,0.0,0.0,0.0,0.0,0.0,0.0,0.0,0.0,-2.0,120.0,114.0,4.45,5.06,-11.31,-9.81
13,L,103,116,6,9,2,False,0.0,0.0,0.0,0.0,0.0,0.0,0.0,0.0,0.0,0.0,0.0,0.0,-2.0,109.0,110.5,4.45,4.29,-12.93,-11.68
14,W,127,115,7,9,2,False,0.0,0.0,0.0,0.0,0.0,0.0,0.0,0.0,0.0,0.0,0.0,0.0,-1.0,116.0,128.0,12.58,3.31,-13.38,-13.92
11,L,117,128,9,12,2,False,0.0,0.0,0.0,0.0,0.0,0.0,0.0,0.0,0.0,0.0,0.0,0.0,1.0,120.0,115.8,14.53,7.85,-12.15,-9.54
4,W,122,116,13,12,2,False,0.0,0.0,0.0,0.0,0.0,0.0,0.0,0.0,0.0,0.0,0.0,0.0,2.0,108.8,111.2,13.73,6.76,-9.37,-12.01
11,W,136,133,15,12,2,False,0.0,0.0,0.0,0.0,0.0,0.0,0.0,0.0,0.0,0.0,0.0,0.0,-1.0,122.4,121.8,-15.97,7.46,-9.09,-9.33
8,W,124,121,18,12,2,False,0.0,0.0,0.0,0.0,0.0,0.0,0.0,0.0,0.0,0.0,0.0,0.0,1.0,114.8,102.0,14.53,2.26,-9.69,-9.69
9,W,143,113,19,12,2,False,0.0,0.0,0.0,0.0,0.0,0.0,0.0,0.0,0.0,0.0,0.0,0.0,-4.0,102.5,113.5,7.23,-5.23,-4.99,-11.31
16,W,118,100,20,12,2,False,0.0,0.0,0.0,0.0,0.0,0.0,0.0,0.0,0.0,0.0,0.0,0.0,-2.0,111.4,120.2,14.53,13.32,-10.75,-10.64
5,W,125,117,21,12,2,False,0.0,0.0,0.0,0.0,0.0,0.0,0.0,0.0,0.0,0.0,0.0,0.0,5.0,113.2,108.0,14.53,13.11,-11.41,-5.75
4,W,123,106,23,12,2,False,0.0,0.0,0.0,0.0,0.0,0.0,0.0,0.0,0.0,0.0,0.0,0.0,1.0,111.4,112.2,14.53,10.89,-10.75,-9.29
3,L,112,121,25,14,2,False,0.0,0.0,0.0,0.0,0.0,0.0,0.0,0.0,0.0,0.0,0.0,0.0,-1.0,109.8,112.2,14.53,11.4,-9.55,-11.88
15,W,102,101,26,13,2,False,0.0,0.0,0.0,0.0,0.0,0.0,0.0,0.0,0.0,0.0,0.0,0.0,1.0,105.2,107.2,14.53,6.8,-9.55,-9.14
9,W,120,116,28,17,2,False,0.0,0.0,0.0,0.0,0.0,0.0,0.0,0.0,0.0,0.0,0.0,0.0,7.0,116.0,113.3,7.38,12.79,-12.64,-14.51
8,L,122,130,29,20,2,False,0.0,0.0,0.0,0.0,0.0,0.0,0.0,0.0,0.0,0.0,0.0,0.0,6.0,116.6,105.8,7.38,6.89,-13.61,-13.7
13,W,121,104,30,19,2,False,0.0,0.0,0.0,0.0,0.0,0.0,0.0,0.0,0.0,0.0,0.0,0.0,-1.0,107.0,112.3,6.96,-2.8,-12.83,-8.66
12,L,116,124,32,22,2,False,0.0,0.0,0.0,0.0,0.0,0.0,0.0,0.0,0.0,0.0,0.0,0.0,2.0,116.7,107.7,-2.9,3.3,-14.57,-10.8
3,W,116,105,32,22,2,False,0.0,0.0,0.0,0.0,0.0,0.0,0.0,0.0,0.0,0.0,0.0,0.0,-1.0,110.2,114.0,-0.04,11.4,-11.05,-13.8
15,W,116,105,33,24,2,False,0.0,0.0,0.0,0.0,0.0,0.0,0.0,0.0,0.0,0.0,0.0,0.0,2.0,104.6,106.0,7.74,7.91,-6.93,-15.79
3,L,87,131,34,26,2,False,0.0,0.0,0.0,0.0,0.0,0.0,0.0,0.0,0.0,0.0,0.0,0.0,1.0,114.4,111.4,7.74,10.4,-7.68,-9.24
16,L,104,118,34,28,2,False,0.0,0.0,0.0,0.0,0.0,0.0,0.0,0.0,0.0,0.0,0.0,0.0,8.0,114.2,114.8,7.74,12.94,-8.74,-10.77
4,W,102,86,35,28,2,False,0.0,0.0,0.0,0.0,0.0,0.0,0.0,0.0,0.0,0.0,0.0,0.0,11.0,117.0,111.2,7.74,7.11,-6.66,-11.84
10,W,118,96,36,28,2,False,0.0,0.0,0.0,0.0,0.0,0.0,0.0,0.0,0.0,0.0,0.0,0.0,1.0,111.0,109.5,7.74,10.59,-8.67,-15.58
16,L,113,118,37,30,2,False,0.0,0.0,0.0,0.0,0.0,0.0,0.0,0.0,0.0,0.0,0.0,0.0,-3.0,113.2,114.2,-1.13,8.38,-13.14,-15.08
17,W,124,123,37,29,2,False,0.0,0.0,0.0,0.0,0.0,0.0,0.0,0.0,0.0,0.0,0.0,0.0,-1.0,117.5,120.5,7.74,7.12,-9.36,-16.65
7,W,122,120,38,29,2,False,0.0,0.0,0.0,0.0,0.0,0.0,0.0,0.0,0.0,0.0,0.0,0.0,-8.0,111.0,124.0,7.74,11.79,-9.36,-10.74
7,L,102,108,39,33,2,False,0.0,0.0,0.0,0.0,0.0,0.0,0.0,0.0,0.0,0.0,0.0,0.0,2.0,114.7,122.7,7.74,11.79,-8.99,-13.51
5,L,109,115,39,34,2,False,0.0,0.0,0.0,0.0,0.0,0.0,0.0,0.0,0.0,0.0,0.0,0.0,9.0,116.4,111.6,7.74,11.36,-8.99,-7.55
5,L,114,116,39,35,2,False,0.0,0.0,0.0,0.0,0.0,0.0,0.0,0.0,0.0,0.0,0.0,0.0,-4.0,114.8,112.2,7.74,11.36,-8.99,-6.42
15,W,129,100,39,34,2,False,0.0,0.0,0.0,0.0,0.0,0.0,0.0,0.0,0.0,0.0,0.0,0.0,1.0,109.2,105.8,7.74,8.62,-10.99,-8.02
10,W,123,114,40,35,2,False,0.0,0.0,0.0,0.0,0.0,0.0,0.0,0.0,0.0,0.0,0.0,0.0,3.0,113.3,105.0,7.74,10.59,-8.99,-16.96
17,L,102,107,43,37,2,False,0.0,0.0,0.0,0.0,0.0,0.0,0.0,0.0,0.0,0.0,0.0,0.0,1.0,119.7,121.3,7.74,13.98,-9.65,-17.01
8,W,123,108,43,36,2,False,0.0,0.0,0.0,0.0,0.0,0.0,0.0,0.0,0.0,0.0,0.0,0.0,-2.0,117.6,113.6,8.42,-6.66,-11.94,-13.85
9,W,120,113,2,3,4,False,0.0,0.0,0.0,0.0,0.0,0.0,0.0,0.0,0.0,0.0,0.0,0.0,3.0,99.0,108.0,6.12,11.54,-12.42,-12.02
3,L,88,106,3,6,4,False,0.0,0.0,0.0,0.0,0.0,0.0,0.0,0.0,0.0,0.0,0.0,0.0,2.0,120.3,123.7,6.12,11.4,-8.93,-14.78
14,L,99,130,3,7,4,False,0.0,0.0,0.0,0.0,0.0,0.0,0.0,0.0,0.0,0.0,0.0,0.0,-1.0,118.0,116.5,3.6,13.85,-13.04,-11.51
15,L,112,117,3,11,4,False,0.0,0.0,0.0,0.0,0.0,0.0,0.0,0.0,0.0,0.0,0.0,0.0,-2.0,101.8,118.2,7.67,10.43,-11.28,-13.97
15,L,115,132,3,12,4,False,0.0,0.0,0.0,0.0,0.0,0.0,0.0,0.0,0.0,0.0,0.0,0.0,-7.0,103.8,118.0,9.5,10.43,-8.44,-17.19
11,L,113,125,4,13,4,False,0.0,0.0,0.0,0.0,0.0,0.0,0.0,0.0,0.0,0.0,0.0,0.0,1.0,129.5,118.5,9.57,7.46,-10.06,-9.23
5,L,122,132,4,14,4,False,0.0,0.0,0.0,0.0,0.0,0.0,0.0,0.0,0.0,0.0,0.0,0.0,1.0,113.2,106.2,9.29,13.11,-10.06,-6.7
17,W,110,108,5,14,4,False,0.0,0.0,0.0,0.0,0.0,0.0,0.0,0.0,0.0,0.0,0.0,0.0,-2.0,126.5,120.5,6.76,14.93,-13.13,-16.8
16,L,96,105,7,17,4,False,0.0,0.0,0.0,0.0,0.0,0.0,0.0,0.0,0.0,0.0,0.0,0.0,-2.0,112.0,115.5,6.76,0.64,-12.01,-15.92
12,L,117,119,7,18,4,False,0.0,0.0,0.0,0.0,0.0,0.0,0.0,0.0,0.0,0.0,0.0,0.0,-1.0,98.0,117.5,6.76,5.76,-8.11,-11.33
8,L,134,141,7,22,4,False,0.0,0.0,0.0,0.0,0.0,0.0,0.0,0.0,0.0,0.0,0.0,0.0,-1.0,135.7,119.0,9.9,2.26,-10.06,-9.69
7,L,115,119,7,24,4,False,0.0,0.0,0.0,0.0,0.0,0.0,0.0,0.0,0.0,0.0,0.0,0.0,-1.0,112.0,110.0,10.89,9.42,-7.58,-16.99
12,L,105,126,8,25,4,False,0.0,0.0,0.0,0.0,0.0,0.0,0.0,0.0,0.0,0.0,0.0,0.0,-2.0,104.3,118.0,8.44,5.76,-8.44,-8.85
13,W,134,130,8,24,4,False,0.0,0.0,0.0,0.0,0.0,0.0,0.0,0.0,0.0,0.0,0.0,0.0,2.0,120.0,120.0,10.89,4.13,-7.59,-8.84
9,L,105,110,9,27,4,False,0.0,0.0,0.0,0.0,0.0,0.0,0.0,0.0,0.0,0.0,0.0,0.0,1.0,106.0,109.7,10.89,-0.95,-12.97,-14.68
13,L,115,121,10,29,4,False,0.0,0.0,0.0,0.0,0.0,0.0,0.0,0.0,0.0,0.0,0.0,0.0,1.0,124.7,123.3,10.89,3.05,-6.92,-8.89
14,L,107,131,10,30,4,False,0.0,0.0,0.0,0.0,0.0,0.0,0.0,0.0,0.0,0.0,0.0,0.0,-3.0,111.7,121.0,8.36,14.98,-9.58,-8.88
16,W,138,109,10,29,4,False,0.0,0.0,0.0,0.0,0.0,0.0,0.0,0.0,0.0,0.0,0.0,0.0,-1.0,108.8,113.4,8.36,12.94,-7.7,-12.36
11,L,111,116,11,31,4,False,0.0,0.0,0.0,0.0,0.0,0.0,0.0,0.0,0.0,0.0,0.0,0.0,-1.0,126.2,119.8,8.36,5.42,-8.16,-7.88
10,W,122,117,11,34,4,False,0.0,0.0,0.0,0.0,0.0,0.0,0.0,0.0,0.0,0.0,0.0,0.0,2.0,133.0,122.5,8.36,8.8,-8.6,-14.37
3,W,111,96,13,36,4,False,0.0,0.0,0.0,0.0,0.0,0.0,0.0,0.0,0.0,0.0,0.0,0.0,-2.0,112.2,119.2,10.89,11.4,-6.68,-14.79
15,W,122,117,14,36,4,False,0.0,0.0,0.0,0.0,0.0,0.0,0.0,0.0,0.0,0.0,0.0,0.0,-8.0,107.0,121.6,10.89,12.11,-8.52,-10.59
16,L,115,124,15,38,4,False,0.0,0.0,0.0,0.0,0.0,0.0,0.0,0.0,0.0,0.0,0.0,0.0,1.0,111.4,109.8,10.89,12.94,-4.19,-11.86
3,L,98,114,15,39,4,False,0.0,0.0,0.0,0.0,0.0,0.0,0.0,0.0,0.0,0.0,0.0,0.0,1.0,112.0,114.6,10.89,11.4,-6.52,-11.96
8,L,112,118,15,40,4,False,0.0,0.0,0.0,0.0,0.0,0.0,0.0,0.0,0.0,0.0,0.0,0.0,-6.0,135.2,124.5,10.89,5.76,-6.52,-12.89
7,L,105,119,15,44,4,False,0.0,0.0,0.0,0.0,0.0,0.0,0.0,0.0,0.0,0.0,0.0,0.0,-8.0,113.0,113.0,8.71,4.55,-4.58,-16.19
17,W,121,113,17,43,4,False,0.0,0.0,0.0,0.0,0.0,0.0,0.0,0.0,0.0,0.0,0.0,0.0,2.0,121.0,116.3,8.71,7.12,-5.15,-14.71
15,W,108,103,18,43,4,False,0.0,0.0,0.0,0.0,0.0,0.0,0.0,0.0,0.0,0.0,0.0,0.0,2.0,114.2,124.2,4.49,8.62,-5.86,-9.02
8,W,117,106,19,43,4,False,0.0,0.0,0.0,0.0,0.0,0.0,0.0,0.0,0.0,0.0,0.0,0.0,-3.0,130.6,123.2,4.49,-9.58,-7.39,-5.19
8,W,113,103,21,46,4,False,0.0,0.0,0.0,0.0,0.0,0.0,0.0,0.0,0.0,0.0,0.0,0.0,5.0,126.0,122.2,7.11,-6.64,-11.84,-10.27
5,L,108,114,22,49,4,False,0.0,0.0,0.0,0.0,0.0,0.0,0.0,0.0,0.0,0.0,0.0,0.0,-2.0,115.0,111.4,10.15,6.82,-13.41,-9.17
5,L,104,120,22,50,4,False,0.0,0.0,0.0,0.0,0.0,0.0,0.0,0.0,0.0,0.0,0.0,0.0,-2.0,112.0,111.8,10.87,3.53,-14.97,-13.46
11,W,115,109,22,50,4,False,0.0,0.0,0.0,0.0,0.0,0.0,0.0,0.0,0.0,0.0,0.0,0.0,-1.0,123.8,118.6,10.87,3.94,-14.97,-9.98
6,W,117,109,23,51,4,False,0.0,0.0,0.0,0.0,0.0,0.0,0.0,0.0,0.0,0.0,0.0,0.0,4.0,112.5,114.0,1.11,13.54,-9.84,-14.11
6,W,110,104,24,51,4,False,0.0,0.0,0.0,0.0,0.0,0.0,0.0,0.0,0.0,0.0,0.0,0.0,1.0,114.0,112.3,-2.65,11.84,-12.01,-10.55
3,L,91,121,26,53,4,False,0.0,0.0,0.0,0.0,0.0,0.0,0.0,0.0,0.0,0.0,0.0,0.0,-2.0,107.8,110.8,-12.78,10.4,-13.26,-12.18
10,L,109,112,26,56,4,False,0.0,0.0,0.0,0.0,0.0,0.0,0.0,0.0,0.0,0.0,0.0,0.0,1.0,129.3,120.7,-17.0,10.59,-9.76,-16.96
5,W,106,95,26,55,4,False,0.0,0.0,0.0,0.0,0.0,0.0,0.0,0.0,0.0,0.0,0.0,0.0,-3.0,110.8,113.2,-17.0,3.93,-8.82,-17.39
15,W,116,108,0,0,3,False,0.0,0.0,0.0,0.0,0.0,0.0,0.0,0.0,0.0,0.0,0.0,0.0,-1.0,101.0,116.0,4.46,12.17,-12.09,-12.06
5,L,96,128,1,3,3,False,0.0,0.0,0.0,0.0,0.0,0.0,0.0,0.0,0.0,0.0,0.0,0.0,1.0,102.0,101.0,11.87,9.78,-10.23,-10.57
11,W,124,109,2,2,3,False,0.0,0.0,0.0,0.0,0.0,0.0,0.0,0.0,0.0,0.0,0.0,0.0,1.0,105.0,108.8,11.77,3.02,-13.51,-6.6
7,L,103,126,6,9,3,False,0.0,0.0,0.0,0.0,0.0,0.0,0.0,0.0,0.0,0.0,0.0,0.0,4.0,111.5,102.5,11.4,11.79,-12.3,-14.51
16,W,118,113,7,10,3,False,0.0,0.0,0.0,0.0,0.0,0.0,0.0,0.0,0.0,0.0,0.0,0.0,-3.0,95.2,109.8,11.4,13.32,-15.31,-11.95
9,L,111,119,9,14,3,False,0.0,0.0,0.0,0.0,0.0,0.0,0.0,0.0,0.0,0.0,0.0,0.0,-2.0,94.5,128.5,8.89,11.54,-10.15,-9.67
6,W,144,115,10,14,3,False,0.0,0.0,0.0,0.0,0.0,0.0,0.0,0.0,0.0,0.0,0.0,0.0,-1.0,108.0,110.0,8.95,5.36,-10.21,-12.79
17,L,126,150,11,19,3,False,0.0,0.0,0.0,0.0,0.0,0.0,0.0,0.0,0.0,0.0,0.0,0.0,1.0,129.0,121.0,8.95,3.23,-7.57,-17.25
15,W,113,103,11,18,3,False,0.0,0.0,0.0,0.0,0.0,0.0,0.0,0.0,0.0,0.0,0.0,0.0,1.0,104.0,114.4,8.95,2.02,-7.57,-14.92
10,L,118,133,14,20,3,False,0.0,0.0,0.0,0.0,0.0,0.0,0.0,0.0,0.0,0.0,0.0,0.0,2.0,123.0,118.0,11.4,12.48,-17.69,-13.75
16,W,119,113,14,19,3,False,0.0,0.0,0.0,0.0,0.0,0.0,0.0,0.0,0.0,0.0,0.0,0.0,2.0,101.6,113.8,11.4,7.64,-14.72,-13.57
8,W,132,118,15,19,3,False,0.0,0.0,0.0,0.0,0.0,0.0,0.0,0.0,0.0,0.0,0.0,0.0,1.0,109.5,91.2,11.4,6.95,-13.4,-12.62
5,L,102,103,16,21,3,False,0.0,0.0,0.0,0.0,0.0,0.0,0.0,0.0,0.0,0.0,0.0,0.0,-2.0,100.8,106.4,11.4,11.34,-14.15,-14.85
5,L,134,145,16,22,3,False,0.0,0.0,0.0,0.0,0.0,0.0,0.0,0.0,0.0,0.0,0.0,0.0,-1.0,102.8,104.0,11.4,11.34,-11.88,-8.85
9,W,132,118,19,24,3,False,0.0,0.0,0.0,0.0,0.0,0.0,0.0,0.0,0.0,0.0,0.0,0.0,-2.0,100.0,125.3,5.93,11.54,-16.89,-10.36
8,W,126,108,20,24,3,False,0.0,0.0,0.0,0.0,0.0,0.0,0.0,0.0,0.0,0.0,0.0,0.0,2.0,114.0,96.6,11.4,4.98,-15.62,-12.34
11,L,110,116,22,26,3,False,0.0,0.0,0.0,0.0,0.0,0.0,0.0,0.0,0.0,0.0,0.0,0.0,2.0,108.8,108.8,11.4,-1.25,-14.79,-7.91
12,L,103,108,23,28,3,False,0.0,0.0,0.0,0.0,0.0,0.0,0.0,0.0,0.0,0.0,0.0,0.0,2.0,117.5,110.0,11.4,1.49,-15.99,-11.88
14,L,89,104,26,29,3,False,0.0,0.0,0.0,0.0,0.0,0.0,0.0,0.0,0.0,0.0,0.0,0.0,-1.0,108.0,117.5,5.93,11.6,-13.25,-6.03
5,L,89,97,26,31,3,False,0.0,0.0,0.0,0.0,0.0,0.0,0.0,0.0,0.0,0.0,0.0,0.0,-2.0,106.2,112.2,11.4,11.36,-11.96,-7.11
11,L,113,117,26,33,3,False,0.0,0.0,0.0,0.0,0.0,0.0,0.0,0.0,0.0,0.0,0.0,0.0,-1.0,115.4,110.2,5.93,4.17,-19.26,-6.15
16,L,100,112,26,34,3,False,0.0,0.0,0.0,0.0,0.0,0.0,0.0,0.0,0.0,0.0,0.0,0.0,1.0,102.6,114.4,5.22,13.32,-22.17,-18.76
8,W,117,115,28,34,3,False,0.0,0.0,0.0,0.0,0.0,0.0,0.0,0.0,0.0,0.0,0.0,0.0,2.0,120.4,100.6,10.4,-3.53,-8.72,-4.24
11,L,122,125,29,37,3,False,0.0,0.0,0.0,0.0,0.0,0.0,0.0,0.0,0.0,0.0,0.0,0.0,-5.0,115.4,112.6,10.4,4.53,-9.24,-6.93
7,W,117,96,29,36,3,False,0.0,0.0,0.0,0.0,0.0,0.0,0.0,0.0,0.0,0.0,0.0,0.0,-2.0,108.7,110.3,10.4,11.79,-8.72,-10.71
10,W,119,111,30,36,3,False,0.0,0.0,0.0,0.0,0.0,0.0,0.0,0.0,0.0,0.0,0.0,0.0,-1.0,121.3,123.0,10.4,10.59,-10.73,-15.36
17,W,139,131,31,37,3,False,0.0,0.0,0.0,0.0,0.0,0.0,0.0,0.0,0.0,0.0,0.0,0.0,-4.0,128.0,130.7,10.4,7.12,-12.39,-17.6
15,W,113,99,32,37,3,False,0.0,0.0,0.0,0.0,0.0,0.0,0.0,0.0,0.0,0.0,0.0,0.0,1.0,105.8,113.6,10.4,8.62,-9.24,-10.03
13,W,118,108,35,38,3,False,0.0,0.0,0.0,0.0,0.0,0.0,0.0,0.0,0.0,0.0,0.0,0.0,1.0,118.0,106.5,10.4,3.52,-8.72,-1.33
12,L,112,124,36,40,3,False,0.0,0.0,0.0,0.0,0.0,0.0,0.0,0.0,0.0,0.0,0.0,0.0,-1.0,112.7,109.3,9.28,2.83,-8.77,-10.76
13,L,110,121,36,41,3,False,0.0,0.0,0.0,0.0,0.0,0.0,0.0,0.0,0.0,0.0,0.0,0.0,2.0,118.0,107.0,10.4,11.68,-12.81,-4.63
14,W,128,107,37,40,3,False,0.0,0.0,0.0,0.0,0.0,0.0,0.0,0.0,0.0,0.0,0.0,0.0,-1.0,101.7,113.0,10.4,11.6,-12.16,-8.58
16,L,92,105,38,43,3,False,0.0,0.0,0.0,0.0,0.0,0.0,0.0,0.0,0.0,0.0,0.0,0.0,-6.0,106.4,114.6,9.28,6.37,-12.82,-16.95
6,W,115,112,38,42,3,False,0.0,0.0,0.0,0.0,0.0,0.0,0.0,0.0,0.0,0.0,0.0,0.0,2.0,120.0,111.7,0.32,-1.18,-16.25,-18.22
8,W,103,81,39,42,3,False,0.0,0.0,0.0,0.0,0.0,0.0,0.0,0.0,0.0,0.0,0.0,0.0,1.0,124.4,107.2,10.4,-6.16,-12.32,-14.2
15,L,91,102,41,44,3,False,0.0,0.0,0.0,0.0,0.0,0.0,0.0,0.0,0.0,0.0,0.0,0.0,2.0,110.0,109.8,10.4,10.67,-12.31,-9.63
8,W,112,88,6,1,5,False,0.0,0.0,0.0,0.0,0.0,0.0,0.0,0.0,0.0,0.0,0.0,0.0,2.0,104.8,102.0,5.12,11.14,-11.2,-14.63
13,W,114,100,7,1,5,False,0.0,0.0,0.0,0.0,0.0,0.0,0.0,0.0,0.0,0.0,0.0,0.0,-1.0,110.5,122.0,18.2,9.17,-11.31,-10.44
12,L,117,119,8,3,5,False,0.0,0.0,0.0,0.0,0.0,0.0,0.0,0.0,0.0,0.0,0.0,0.0,1.0,106.0,95.0,18.79,3.11,-11.31,-10.26
9,L,101,106,8,5,5,False,0.0,0.0,0.0,0.0,0.0,0.0,0.0,0.0,0.0,0.0,0.0,0.0,-1.0,85.5,100.0,18.86,11.54,-11.33,-10.36
17,L,124,129,8,6,5,False,0.0,0.0,0.0,0.0,0.0,0.0,0.0,0.0,0.0,0.0,0.0,0.0,-1.0,122.5,116.5,4.08,14.93,-9.52,-14.42
16,L,98,113,8,7,5,False,0.0,0.0,0.0,0.0,0.0,0.0,0.0,0.0,0.0,0.0,0.0,0.0,1.0,117.8,104.0,13.18,6.83,-8.74,-13.18
15,W,113,87,9,6,5,False,0.0,0.0,0.0,0.0,0.0,0.0,0.0,0.0,0.0,0.0,0.0,0.0,-1.0,107.0,98.7,13.11,2.82,-9.65,-7.09
16,L,102,117,12,8,5,False,0.0,0.0,0.0,0.0,0.0,0.0,0.0,0.0,0.0,0.0,0.0,0.0,-5.0,113.8,105.8,14.69,13.32,-14.87,-13.21
8,W,102,94,12,7,5,False,0.0,0.0,0.0,0.0,0.0,0.0,0.0,0.0,0.0,0.0,0.0,0.0,7.0,106.2,99.2,8.95,-7.76,-9.06,-12.83
13,W,116,102,15,9,5,False,0.0,0.0,0.0,0.0,0.0,0.0,0.0,0.0,0.0,0.0,0.0,0.0,8.0,111.7,114.7,13.11,10.6,-7.12,-7.22
6,W,105,90,17,11,5,False,0.0,0.0,0.0,0.0,0.0,0.0,0.0,0.0,0.0,0.0,0.0,0.0,-1.0,113.0,108.0,13.11,11.04,-6.96,-9.12
11,W,118,112,18,11,5,False,0.0,0.0,0.0,0.0,0.0,0.0,0.0,0.0,0.0,0.0,0.0,0.0,2.0,113.2,106.5,13.11,7.46,-4.39,-9.33
6,W,100,99,19,11,5,False,0.0,0.0,0.0,0.0,0.0,0.0,0.0,0.0,0.0,0.0,0.0,0.0,1.0,110.3,102.0,11.36,4.15,-2.93,-17.27
16,W,114,106,21,11,5,False,0.0,0.0,0.0,0.0,0.0,0.0,0.0,0.0,0.0,0.0,0.0,0.0,-1.0,113.4,106.8,11.36,11.51,-5.28,-9.06
11,L,126,135,22,15,5,False,0.0,0.0,0.0,0.0,0.0,0.0,0.0,0.0,0.0,0.0,0.0,0.0,2.0,114.2,107.6,13.11,5.42,-4.39,-7.88
7,L,108,121,25,16,5,False,0.0,0.0,0.0,0.0,0.0,0.0,0.0,0.0,0.0,0.0,0.0,0.0,1.0,109.0,101.5,8.08,11.79,-0.19,-16.0
17,L,102,110,27,18,5,False,0.0,0.0,0.0,0.0,0.0,0.0,0.0,0.0,0.0,0.0,0.0,0.0,-4.0,123.0,120.7,11.36,8.07,-1.7,-15.33
14,L,114,115,28,19,5,False,0.0,0.0,0.0,0.0,0.0,0.0,0.0,0.0,0.0,0.0,0.0,0.0,-1.0,113.5,121.0,8.08,14.98,-9.42,-8.0
9,L,114,120,28,20,5,False,0.0,0.0,0.0,0.0,0.0,0.0,0.0,0.0,0.0,0.0,0.0,0.0,-3.0,90.7,102.0,8.08,-9.39,-11.83,-12.98
16,W,114,102,28,19,5,False,0.0,0.0,0.0,0.0,0.0,0.0,0.0,0.0,0.0,0.0,0.0,0.0,5.0,112.4,110.0,8.08,6.29,-6.77,-14.78
10,W,113,95,29,20,5,False,0.0,0.0,0.0,0.0,0.0,0.0,0.0,0.0,0.0,0.0,0.0,0.0,-1.0,114.0,102.0,8.08,2.68,-10.14,-14.76
12,W,122,99,30,21,5,False,0.0,0.0,0.0,0.0,0.0,0.0,0.0,0.0,0.0,0.0,0.0,0.0,-1.0,109.7,103.0,11.36,-7.39,-4.02,-12.88
15,L,97,100,31,23,5,False,0.0,0.0,0.0,0.0,0.0,0.0,0.0,0.0,0.0,0.0,0.0,0.0,2.0,108.5,95.8,11.36,12.11,-3.83,-10.59
14,W,128,113,31,22,5,False,0.0,0.0,0.0,0.0,0.0,0.0,0.0,0.0,0.0,0.0,0.0,0.0,-1.0,113.7,119.0,11.36,10.46,-7.14,-5.71
11,W,122,103,32,22,5,False,0.0,0.0,0.0,0.0,0.0,0.0,0.0,0.0,0.0,0.0,0.0,0.0,-3.0,117.8,113.8,11.36,5.42,-9.19,-8.21
8,W,113,85,34,22,5,False,0.0,0.0,0.0,0.0,0.0,0.0,0.0,0.0,0.0,0.0,0.0,0.0,1.0,107.0,102.4,2.09,2.26,-8.12,-7.35
7,L,109,115,38,25,5,False,0.0,0.0,0.0,0.0,0.0,0.0,0.0,0.0,0.0,0.0,0.0,0.0,-1.0,108.7,108.0,11.36,4.6,-6.14,-12.26
8,W,114,90,39,26,5,False,0.0,0.0,0.0,0.0,0.0,0.0,0.0,0.0,0.0,0.0,0.0,0.0,4.0,108.6,96.4,11.36,-4.81,-6.58,-10.12
15,W,104,100,41,26,5,False,0.0,0.0,0.0,0.0,0.0,0.0,0.0,0.0,0.0,0.0,0.0,0.0,-1.0,106.2,96.6,11.36,8.62,-6.85,-11.04
15,L,115,119,42,28,5,False,0.0,0.0,0.0,0.0,0.0,0.0,0.0,0.0,0.0,0.0,0.0,0.0,3.0,104.8,99.6,12.58,8.62,-10.13,-10.99
10,W,108,91,47,28,5,False,0.0,0.0,0.0,0.0,0.0,0.0,0.0,0.0,0.0,0.0,0.0,0.0,1.0,113.7,99.7,11.36,10.59,-11.06,-16.96
11,W,115,105,48,30,5,False,0.0,0.0,0.0,0.0,0.0,0.0,0.0,0.0,0.0,0.0,0.0,0.0,2.0,122.6,117.4,14.69,-3.59,-10.92,-7.9
14,W,137,96,0,1,6,False,0.0,0.0,0.0,0.0,0.0,0.0,0.0,0.0,0.0,0.0,0.0,0.0,1.0,102.5,92.2,5.3,12.06,-5.44,-10.88
12,W,103,101,7,5,6,False,0.0,0.0,0.0,0.0,0.0,0.0,0.0,0.0,0.0,0.0,0.0,0.0,-1.0,103.0,101.2,10.18,5.06,-5.18,-9.81
10,L,92,101,8,7,6,False,0.0,0.0,0.0,0.0,0.0,0.0,0.0,0.0,0.0,0.0,0.0,0.0,2.0,117.2,100.8,0.13,12.48,-5.73,-13.44
7,W,127,99,8,6,6,False,0.0,0.0,0.0,0.0,0.0,0.0,0.0,0.0,0.0,0.0,0.0,0.0,3.0,96.3,98.7,10.18,1.05,-7.91,-20.61
7,L,97,98,9,8,6,False,0.0,0.0,0.0,0.0,0.0,0.0,0.0,0.0,0.0,0.0,0.0,0.0,1.0,104.0,98.8,10.18,1.05,-11.17,-20.47
16,L,115,124,9,11,6,False,0.0,0.0,0.0,0.0,0.0,0.0,0.0,0.0,0.0,0.0,0.0,0.0,1.0,106.5,107.0,11.04,13.32,-11.29,-11.77
9,W,116,113,9,10,6,False,0.0,0.0,0.0,0.0,0.0,0.0,0.0,0.0,0.0,0.0,0.0,0.0,-1.0,106.6,115.2,11.04,11.54,-10.67,-9.67
8,L,125,131,10,12,6,False,0.0,0.0,0.0,0.0,0.0,0.0,0.0,0.0,0.0,0.0,0.0,0.0,2.0,123.5,99.5,11.04,-0.78,-10.67,-7.93
7,W,116,115,12,11,6,False,0.0,0.0,0.0,0.0,0.0,0.0,0.0,0.0,0.0,0.0,0.0,0.0,-1.0,102.6,98.6,11.04,9.42,-8.73,-17.84
16,L,105,106,13,13,6,False,0.0,0.0,0.0,0.0,0.0,0.0,0.0,0.0,0.0,0.0,0.0,0.0,-4.0,109.3,112.7,11.04,15.87,-7.26,-12.06
17,L,106,116,15,17,6,False,0.0,0.0,0.0,0.0,0.0,0.0,0.0,0.0,0.0,0.0,0.0,0.0,-1.0,106.0,109.2,13.89,1.34,-12.72,-16.04
17,W,104,99,15,16,6,False,0.0,0.0,0.0,0.0,0.0,0.0,0.0,0.0,0.0,0.0,0.0,0.0,-2.0,106.0,110.6,14.6,6.18,-12.54,-15.89
10,W,112,106,16,16,6,False,0.0,0.0,0.0,0.0,0.0,0.0,0.0,0.0,0.0,0.0,0.0,0.0,-1.0,112.2,100.8,14.6,10.59,-17.77,-15.51
13,W,124,115,17,16,6,False,0.0,0.0,0.0,0.0,0.0,0.0,0.0,0.0,0.0,0.0,0.0,0.0,2.0,113.7,107.0,14.6,4.13,-18.06,-8.86
10,W,129,114,19,16,6,False,0.0,0.0,0.0,0.0,0.0,0.0,0.0,0.0,0.0,0.0,0.0,0.0,2.0,111.4,100.8,9.94,12.48,-12.18,-13.75
10,W,111,106,21,16,6,False,0.0,0.0,0.0,0.0,0.0,0.0,0.0,0.0,0.0,0.0,0.0,0.0,5.0,111.2,102.4,14.6,12.48,-16.33,-13.75
12,L,101,113,23,20,6,False,0.0,0.0,0.0,0.0,0.0,0.0,0.0,0.0,0.0,0.0,0.0,0.0,2.0,103.0,101.2,12.92,-1.97,-17.76,-10.86
13,W,119,115,23,19,6,False,0.0,0.0,0.0,0.0,0.0,0.0,0.0,0.0,0.0,0.0,0.0,0.0,3.0,116.2,109.0,14.6,-3.27,-18.8,-11.88
15,W,115,90,24,22,6,False,0.0,0.0,0.0,0.0,0.0,0.0,0.0,0.0,0.0,0.0,0.0,0.0,1.0,108.5,112.0,11.04,12.11,-16.36,-10.59
12,L,98,112,25,24,6,False,0.0,0.0,0.0,0.0,0.0,0.0,0.0,0.0,0.0,0.0,0.0,0.0,-2.0,105.0,104.4,11.04,3.3,-16.82,-8.91
8,W,111,105,26,25,6,False,0.0,0.0,0.0,0.0,0.0,0.0,0.0,0.0,0.0,0.0,0.0,0.0,-1.0,124.0,110.0,11.04,6.89,-15.64,-13.7
9,L,113,119,28,27,6,False,0.0,0.0,0.0,0.0,0.0,0.0,0.0,0.0,0.0,0.0,0.0,0.0,1.0,112.4,115.4,0.99,11.54,-17.76,-11.52
12,W,110,104,29,26,6,False,0.0,0.0,0.0,0.0,0.0,0.0,0.0,0.0,0.0,0.0,0.0,0.0,-1.0,102.2,106.0,4.98,3.3,-16.7,-10.8
17,L,121,124,31,29,6,False,0.0,0.0,0.0,0.0,0.0,0.0,0.0,0.0,0.0,0.0,0.0,0.0,1.0,105.8,108.2,11.84,8.34,-16.7,-15.49
7,L,109,118,31,30,6,False,0.0,0.0,0.0,0.0,0.0,0.0,0.0,0.0,0.0,0.0,0.0,0.0,3.0,110.8,100.4,1.33,4.55,-15.07,-16.19
13,L,108,111,32,31,6,False,0.0,0.0,0.0,0.0,0.0,0.0,0.0,0.0,0.0,0.0,0.0,0.0,1.0,116.8,110.2,11.89,10.85,-11.05,-8.31
11,L,122,124,32,32,6,False,0.0,0.0,0.0,0.0,0.0,0.0,0.0,0.0,0.0,0.0,0.0,0.0,2.0,112.5,105.5,11.89,5.42,-9.92,-7.3
14,L,108,112,34,35,6,False,0.0,0.0,0.0,0.0,0.0,0.0,0.0,0.0,0.0,0.0,0.0,0.0,1.0,109.4,93.0,-5.71,5.36,-12.3,-8.17
14,L,88,104,34,36,6,False,0.0,0.0,0.0,0.0,0.0,0.0,0.0,0.0,0.0,0.0,0.0,0.0,-2.0,113.0,96.0,-5.71,5.36,-12.3,-8.17
13,W,111,110,35,35,6,False,0.0,0.0,0.0,0.0,0.0,0.0,0.0,0.0,0.0,0.0,0.0,0.0,-1.0,117.6,111.0,3.49,8.44,-12.01,-8.9
14,L,108,112,36,37,6,False,0.0,0.0,0.0,0.0,0.0,0.0,0.0,0.0,0.0,0.0,0.0,0.0,-3.0,109.8,97.6,3.49,5.36,-12.01,-7.87
9,L,125,127,36,38,6,False,0.0,0.0,0.0,0.0,0.0,0.0,0.0,0.0,0.0,0.0,0.0,0.0,-1.0,111.6,114.0,5.36,4.77,-14.63,-11.34
11,W,127,104,36,39,6,False,0.0,0.0,0.0,0.0,0.0,0.0,0.0,0.0,0.0,0.0,0.0,0.0,-2.0,115.7,111.7,15.03,-1.51,-14.11,-12.21
15,L,122,129,37,42,6,False,0.0,0.0,0.0,0.0,0.0,0.0,0.0,0.0,0.0,0.0,0.0,0.0,1.0,110.7,104.7,15.03,5.65,-12.67,-9.3
9,W,128,123,0,1,7,False,0.0,0.0,0.0,0.0,0.0,0.0,0.0,0.0,0.0,0.0,0.0,0.0,-1.0,110.0,118.0,8.29,9.7,-10.51,-5.28
13,W,110,99,2,2,7,False,0.0,0.0,0.0,0.0,0.0,0.0,0.0,0.0,0.0,0.0,0.0,0.0,-1.0,134.3,120.0,6.71,10.3,-15.52,-13.11
13,L,110,121,4,4,7,False,0.0,0.0,0.0,0.0,0.0,0.0,0.0,0.0,0.0,0.0,0.0,0.0,1.0,128.2,114.8,11.79,9.66,-14.38,-10.28
11,W,122,119,7,3,7,False,0.0,0.0,0.0,0.0,0.0,0.0,0.0,0.0,0.0,0.0,0.0,0.0,3.0,113.0,108.0,11.79,7.46,-13.54,-9.23
8,L,108,110,10,8,7,False,0.0,0.0,0.0,0.0,0.0,0.0,0.0,0.0,0.0,0.0,0.0,0.0,2.0,113.5,108.0,11.79,-0.12,-16.15,-13.71
12,W,114,104,11,7,7,False,0.0,0.0,0.0,0.0,0.0,0.0,0.0,0.0,0.0,0.0,0.0,0.0,1.0,111.2,107.5,9.42,-3.24,-21.61,-7.08
10,W,129,113,12,7,7,False,0.0,0.0,0.0,0.0,0.0,0.0,0.0,0.0,0.0,0.0,0.0,0.0,1.0,111.7,102.0,9.42,12.48,-21.27,-13.79
10,W,120,100,13,7,7,False,0.0,0.0,0.0,0.0,0.0,0.0,0.0,0.0,0.0,0.0,0.0,0.0,3.0,116.0,104.8,9.42,12.48,-19.51,-13.6
13,L,108,126,17,12,7,False,0.0,0.0,0.0,0.0,0.0,0.0,0.0,0.0,0.0,0.0,0.0,0.0,-1.0,124.6,116.0,9.42,10.6,-16.99,-7.87
14,W,105,91,18,11,7,False,0.0,0.0,0.0,0.0,0.0,0.0,0.0,0.0,0.0,0.0,0.0,0.0,1.0,110.8,111.2,6.41,10.68,-17.68,-7.72
15,W,124,119,22,12,7,False,0.0,0.0,0.0,0.0,0.0,0.0,0.0,0.0,0.0,0.0,0.0,0.0,1.0,116.5,103.5,11.79,6.8,-17.05,-9.05
17,L,111,124,24,14,7,False,0.0,0.0,0.0,0.0,0.0,0.0,0.0,0.0,0.0,0.0,0.0,0.0,-1.0,111.2,120.2,11.79,7.06,-17.05,-19.87
12,W,122,91,24,13,7,False,0.0,0.0,0.0,0.0,0.0,0.0,0.0,0.0,0.0,0.0,0.0,0.0,2.0,111.8,106.8,11.79,5.76,-16.0,-12.94
13,W,122,109,26,13,7,False,0.0,0.0,0.0,0.0,0.0,0.0,0.0,0.0,0.0,0.0,0.0,0.0,-1.0,119.6,122.0,11.79,-9.19,-16.0,-14.93
12,W,115,103,28,13,7,False,0.0,0.0,0.0,0.0,0.0,0.0,0.0,0.0,0.0,0.0,0.0,0.0,1.0,115.6,105.0,4.21,-1.97,-17.54,-7.55
17,W,122,118,31,13,7,False,0.0,0.0,0.0,0.0,0.0,0.0,0.0,0.0,0.0,0.0,0.0,0.0,-1.0,111.2,121.0,11.79,3.23,-17.05,-15.44
11,W,134,111,32,13,7,False,0.0,0.0,0.0,0.0,0.0,0.0,0.0,0.0,0.0,0.0,0.0,0.0,4.0,116.0,111.7,1.92,-3.15,-11.87,-7.07
16,L,99,107,34,16,7,False,0.0,0.0,0.0,0.0,0.0,0.0,0.0,0.0,0.0,0.0,0.0,0.0,5.0,122.5,110.0,-9.89,12.94,-16.36,-11.33
9,W,134,117,35,16,7,False,0.0,0.0,0.0,0.0,0.0,0.0,0.0,0.0,0.0,0.0,0.0,0.0,1.0,114.2,118.0,4.6,6.71,-14.69,-10.19
17,L,98,128,37,18,7,False,0.0,0.0,0.0,0.0,0.0,0.0,0.0,0.0,0.0,0.0,0.0,0.0,8.0,117.0,126.4,-6.77,8.07,-19.29,-14.84
17,W,146,112,37,17,7,False,0.0,0.0,0.0,0.0,0.0,0.0,0.0,0.0,0.0,0.0,0.0,0.0,-1.0,115.2,127.2,11.74,8.57,-17.93,-15.75
15,W,112,108,39,18,7,False,0.0,0.0,0.0,0.0,0.0,0.0,0.0,0.0,0.0,0.0,0.0,0.0,1.0,119.0,108.7,4.55,7.91,-16.19,-12.4
14,L,94,112,42,20,7,False,0.0,0.0,0.0,0.0,0.0,0.0,0.0,0.0,0.0,0.0,0.0,0.0,2.0,109.6,107.2,4.6,11.6,-12.26,-6.97
12,W,134,124,42,19,7,False,0.0,0.0,0.0,0.0,0.0,0.0,0.0,0.0,0.0,0.0,0.0,0.0,5.0,121.6,108.2,11.79,5.83,-13.6,-7.9
10,W,133,112,43,19,7,False,0.0,0.0,0.0,0.0,0.0,0.0,0.0,0.0,0.0,0.0,0.0,0.0,4.0,116.8,103.8,11.79,3.84,-12.28,-17.14
14,W,113,97,44,19,7,False,0.0,0.0,0.0,0.0,0.0,0.0,0.0,0.0,0.0,0.0,0.0,0.0,-1.0,109.0,108.4,11.79,11.6,-8.61,-8.3
8,W,119,100,46,23,7,False,0.0,0.0,0.0,0.0,0.0,0.0,0.0,0.0,0.0,0.0,0.0,0.0,-1.0,111.7,108.7,11.79,-10.46,-12.28,-10.86
16,W,129,106,49,24,7,False,0.0,0.0,0.0,0.0,0.0,0.0,0.0,0.0,0.0,0.0,0.0,0.0,-1.0,114.7,109.0,11.79,15.03,-13.51,-10.75
9,W,112,110,51,26,7,False,0.0,0.0,0.0,0.0,0.0,0.0,0.0,0.0,0.0,0.0,0.0,0.0,2.0,119.8,116.2,5.77,4.77,-14.52,-9.37
10,L,103,124,52,28,7,False,0.0,0.0,0.0,0.0,0.0,0.0,0.0,0.0,0.0,0.0,0.0,0.0,2.0,124.4,107.4,11.79,10.59,-13.6,-16.96
17,W,109,80,0,0,7,True,0.0,0.0,0.0,0.0,0.0,0.0,0.0,0.0,0.0,0.0,0.0,0.0,1.0,121.4,123.6,11.79,9.17,-13.51,-14.89
17,W,122,113,1,0,7,True,0.0,0.0,0.0,0.0,0.0,0.0,0.0,0.0,0.0,0.0,0.0,0.0,1.0,117.2,112.4,11.79,10.76,-13.51,-15.89
17,W,120,111,2,0,7,True,0.0,0.0,0.0,0.0,0.0,0.0,0.0,0.0,0.0,0.0,0.0,0.0,2.0,119.4,110.2,11.79,9.17,-13.51,-14.89
17,L,108,114,3,2,7,True,0.0,0.0,0.0,0.0,0.0,0.0,0.0,0.0,0.0,0.0,0.0,0.0,3.0,119.0,108.8,11.79,9.17,-13.51,-14.89
17,W,112,109,3,1,7,True,0.0,0.0,0.0,0.0,0.0,0.0,0.0,0.0,0.0,0.0,0.0,0.0,-1.0,121.0,106.0,11.79,9.17,-13.51,-14.9
13,W,132,126,8,3,7,True,0.0,0.0,0.0,0.0,0.0,0.0,0.0,0.0,0.0,0.0,0.0,0.0,3.0,118.2,120.2,11.79,11.03,-13.51,-4.15
13,W,108,103,9,3,7,True,0.0,0.0,0.0,0.0,0.0,0.0,0.0,0.0,0.0,0.0,0.0,0.0,3.0,116.4,116.2,11.79,11.68,-13.51,-4.52
13,W,119,108,10,3,7,True,0.0,0.0,0.0,0.0,0.0,0.0,0.0,0.0,0.0,0.0,0.0,0.0,4.0,116.0,117.0,11.79,11.68,-13.51,-4.52
13,W,113,111,11,3,7,True,0.0,0.0,0.0,0.0,0.0,0.0,0.0,0.0,0.0,0.0,0.0,0.0,5.0,117.8,114.4,11.79,8.08,-13.51,-4.0
15,W,104,93,12,3,7,True,0.0,0.0,0.0,0.0,0.0,0.0,0.0,0.0,0.0,0.0,0.0,0.0,2.0,117.2,108.5,11.79,7.91,-13.51,-12.92
15,L,108,111,13,5,7,True,0.0,0.0,0.0,0.0,0.0,0.0,0.0,0.0,0.0,0.0,0.0,0.0,7.0,114.6,105.4,11.79,6.95,-13.51,-12.32
15,W,109,94,13,4,7,True,0.0,0.0,0.0,0.0,0.0,0.0,0.0,0.0,0.0,0.0,0.0,0.0,-1.0,113.6,108.4,11.79,6.95,-13.51,-12.32
15,W,108,95,14,4,7,True,0.0,0.0,0.0,0.0,0.0,0.0,0.0,0.0,0.0,0.0,0.0,0.0,1.0,111.4,105.0,11.79,6.95,-13.51,-12.32
15,W,94,89,15,4,7,True,0.0,0.0,0.0,0.0,0.0,0.0,0.0,0.0,0.0,0.0,0.0,0.0,2.0,108.2,100.2,11.79,6.95,-13.51,-9.15
11,L,115,124,1,3,8,False,0.0,0.0,0.0,0.0,0.0,0.0,0.0,0.0,0.0,0.0,0.0,0.0,3.0,110.5,108.5,9.84,-5.56,-12.52,0.22
9,W,128,114,1,5,8,False,0.0,0.0,0.0,0.0,0.0,0.0,0.0,0.0,0.0,0.0,0.0,0.0,-2.0,94.0,103.5,11.14,11.65,-13.83,-13.8
16,L,108,110,2,7,8,False,0.0,0.0,0.0,0.0,0.0,0.0,0.0,0.0,0.0,0.0,0.0,0.0,-2.0,99.5,117.0,11.14,13.32,-14.65,-11.36
16,L,91,116,2,8,8,False,0.0,0.0,0.0,0.0,0.0,0.0,0.0,0.0,0.0,0.0,0.0,0.0,-1.0,101.2,115.6,11.14,13.32,-14.79,-10.55
12,L,91,96,3,14,8,False,0.0,0.0,0.0,0.0,0.0,0.0,0.0,0.0,0.0,0.0,0.0,0.0,-3.0,99.0,106.5,2.37,5.96,-13.46,-9.97
13,L,121,128,3,15,8,False,0.0,0.0,0.0,0.0,0.0,0.0,0.0,0.0,0.0,0.0,0.0,0.0,-6.0,111.0,115.5,2.65,4.29,-13.61,-2.69
14,L,112,122,6,20,8,False,0.0,0.0,0.0,0.0,0.0,0.0,0.0,0.0,0.0,0.0,0.0,0.0,-6.0,97.5,125.0,2.51,9.24,-9.85,-12.0
15,W,116,96,6,19,8,False,0.0,0.0,0.0,0.0,0.0,0.0,0.0,0.0,0.0,0.0,0.0,0.0,-4.0,100.5,102.5,2.51,9.41,-9.85,-16.78
14,L,103,114,7,22,8,False,0.0,0.0,0.0,0.0,0.0,0.0,0.0,0.0,0.0,0.0,0.0,0.0,-1.0,102.3,124.0,2.26,10.68,-9.69,-8.16
13,L,117,124,7,23,8,False,0.0,0.0,0.0,0.0,0.0,0.0,0.0,0.0,0.0,0.0,0.0,0.0,-6.0,114.3,119.7,2.26,10.6,-9.69,-7.87
12,L,131,142,8,29,8,False,0.0,0.0,0.0,0.0,0.0,0.0,0.0,0.0,0.0,0.0,0.0,0.0,-5.0,96.3,103.0,2.26,3.29,-10.69,-8.54
17,W,116,104,9,29,8,False,0.0,0.0,0.0,0.0,0.0,0.0,0.0,0.0,0.0,0.0,0.0,0.0,-4.0,111.0,123.0,6.95,8.07,-12.62,-16.82
9,W,122,119,10,30,8,False,0.0,0.0,0.0,0.0,0.0,0.0,0.0,0.0,0.0,0.0,0.0,0.0,1.0,105.3,107.0,2.26,-0.95,-10.69,-13.66
17,W,135,118,11,33,8,False,0.0,0.0,0.0,0.0,0.0,0.0,0.0,0.0,0.0,0.0,0.0,0.0,1.0,112.7,116.7,0.85,6.18,-11.57,-13.37
16,L,130,150,12,38,8,False,0.0,0.0,0.0,0.0,0.0,0.0,0.0,0.0,0.0,0.0,0.0,0.0,-2.0,101.6,115.4,4.32,12.94,-14.04,-10.3
10,L,114,117,13,39,8,False,0.0,0.0,0.0,0.0,0.0,0.0,0.0,0.0,0.0,0.0,0.0,0.0,-14.0,109.5,110.0,6.89,-0.25,-13.7,-12.73
11,L,115,121,15,54,8,False,0.0,0.0,0.0,0.0,0.0,0.0,0.0,0.0,0.0,0.0,0.0,0.0,-2.0,111.4,111.6,-10.87,-3.9,-14.88,-9.86
11,W,117,97,15,53,8,False,0.0,0.0,0.0,0.0,0.0,0.0,0.0,0.0,0.0,0.0,0.0,0.0,-11.0,115.0,118.0,-13.76,-3.9,-12.82,-9.86
15,L,100,112,16,57,8,False,0.0,0.0,0.0,0.0,0.0,0.0,0.0,0.0,0.0,0.0,0.0,0.0,1.0,103.6,101.2,-7.58,8.62,-13.19,-9.27
16,L,117,126,16,60,8,False,0.0,0.0,0.0,0.0,0.0,0.0,0.0,0.0,0.0,0.0,0.0,0.0,-4.0,109.0,122.6,-4.81,3.08,-15.17,-15.0
10,L,115,121,16,62,8,False,0.0,0.0,0.0,0.0,0.0,0.0,0.0,0.0,0.0,0.0,0.0,0.0,-1.0,111.0,112.3,-4.81,10.59,-15.17,-16.96
15,L,105,118,16,64,8,False,0.0,0.0,0.0,0.0,0.0,0.0,0.0,0.0,0.0,0.0,0.0,0.0,-3.0,105.2,103.6,-5.06,10.67,-14.99,-10.07
11,W,122,115,16,64,8,False,0.0,0.0,0.0,0.0,0.0,0.0,0.0,0.0,0.0,0.0,0.0,0.0,1.0,115.8,113.0,-6.16,-3.59,-14.2,-9.44
13,W,123,109,0,0,9,False,0.0,0.0,0.0,0.0,0.0,0.0,0.0,0.0,0.0,0.0,0.0,0.0,3.0,120.5,116.2,9.65,16.0,-12.8,-9.67
15,W,123,110,2,2,9,False,0.0,0.0,0.0,0.0,0.0,0.0,0.0,0.0,0.0,0.0,0.0,0.0,1.0,116.5,106.0,9.08,11.52,-12.51,-6.79
15,L,109,116,3,6,9,False,0.0,0.0,0.0,0.0,0.0,0.0,0.0,0.0,0.0,0.0,0.0,0.0,1.0,118.7,107.3,11.54,12.11,-10.75,-10.83
10,W,127,120,7,9,9,False,0.0,0.0,0.0,0.0,0.0,0.0,0.0,0.0,0.0,0.0,0.0,0.0,6.0,115.7,106.0,11.54,12.48,-10.31,-13.44
12,W,124,107,8,10,9,False,0.0,0.0,0.0,0.0,0.0,0.0,0.0,0.0,0.0,0.0,0.0,0.0,1.0,109.0,104.8,11.54,-3.24,-12.93,-7.08
17,W,137,114,10,10,9,False,0.0,0.0,0.0,0.0,0.0,0.0,0.0,0.0,0.0,0.0,0.0,0.0,-2.0,115.0,118.2,11.54,8.6,-9.67,-15.55
10,W,120,101,12,11,9,False,0.0,0.0,0.0,0.0,0.0,0.0,0.0,0.0,0.0,0.0,0.0,0.0,2.0,118.5,109.5,11.65,10.59,-12.67,-15.41
11,L,104,112,13,13,9,False,0.0,0.0,0.0,0.0,0.0,0.0,0.0,0.0,0.0,0.0,0.0,0.0,-1.0,109.5,110.5,8.24,2.13,-12.37,-16.74
16,L,111,128,14,15,9,False,0.0,0.0,0.0,0.0,0.0,0.0,0.0,0.0,0.0,0.0,0.0,0.0,3.0,110.5,113.5,8.24,9.73,-14.04,-11.72
11,L,119,125,14,16,9,False,0.0,0.0,0.0,0.0,0.0,0.0,0.0,0.0,0.0,0.0,0.0,0.0,-1.0,107.7,111.0,4.88,5.42,-13.9,-8.06
14,W,123,109,15,18,9,False,0.0,0.0,0.0,0.0,0.0,0.0,0.0,0.0,0.0,0.0,0.0,0.0,1.0,109.8,109.2,-0.95,14.98,-14.68,-6.82
14,W,122,120,23,24,9,False,0.0,0.0,0.0,0.0,0.0,0.0,0.0,0.0,0.0,0.0,0.0,0.0,1.0,114.2,109.8,4.55,13.55,-11.71,-11.15
17,L,114,119,26,26,9,False,0.0,0.0,0.0,0.0,0.0,0.0,0.0,0.0,0.0,0.0,0.0,0.0,3.0,119.4,117.4,12.79,3.23,-11.37,-12.86
13,L,103,109,28,29,9,False,0.0,0.0,0.0,0.0,0.0,0.0,0.0,0.0,0.0,0.0,0.0,0.0,1.0,121.0,114.8,5.82,6.71,-13.01,-8.87
12,L,124,134,29,30,9,False,0.0,0.0,0.0,0.0,0.0,0.0,0.0,0.0,0.0,0.0,0.0,0.0,1.0,112.0,105.2,-0.95,3.3,-13.9,-9.63
13,L,111,124,29,31,9,False,0.0,0.0,0.0,0.0,0.0,0.0,0.0,0.0,0.0,0.0,0.0,0.0,-2.0,117.4,113.8,-4.64,13.73,-10.83,-7.5
10,W,116,101,29,30,9,False,0.0,0.0,0.0,0.0,0.0,0.0,0.0,0.0,0.0,0.0,0.0,0.0,2.0,118.8,107.8,-5.9,-1.0,-14.36,-17.28
17,W,109,104,30,30,9,False,0.0,0.0,0.0,0.0,0.0,0.0,0.0,0.0,0.0,0.0,0.0,0.0,-1.0,117.6,119.2,-5.9,2.28,-13.56,-18.74
12,W,115,91,32,30,9,False,0.0,0.0,0.0,0.0,0.0,0.0,0.0,0.0,0.0,0.0,0.0,0.0,-1.0,113.8,109.4,-0.95,6.42,-15.28,-9.75
13,L,105,113,34,32,9,False,0.0,0.0,0.0,0.0,0.0,0.0,0.0,0.0,0.0,0.0,0.0,0.0,-2.0,116.2,115.6,4.77,5.56,-10.59,-11.12
14,L,110,131,34,34,9,False,0.0,0.0,0.0,0.0,0.0,0.0,0.0,0.0,0.0,0.0,0.0,0.0,1.0,110.2,111.4,6.02,5.36,-14.49,-8.17
16,W,125,116,34,33,9,False,0.0,0.0,0.0,0.0,0.0,0.0,0.0,0.0,0.0,0.0,0.0,0.0,-1.0,110.7,118.3,4.77,8.38,-11.31,-14.2
12,L,126,134,36,35,9,False,0.0,0.0,0.0,0.0,0.0,0.0,0.0,0.0,0.0,0.0,0.0,0.0,4.0,115.8,109.6,4.77,7.51,-13.71,-7.1
14,L,119,133,36,37,9,False,0.0,0.0,0.0,0.0,0.0,0.0,0.0,0.0,0.0,0.0,0.0,0.0,-3.0,112.0,118.0,4.77,5.36,-12.71,-7.87
10,W,121,108,36,36,9,False,0.0,0.0,0.0,0.0,0.0,0.0,0.0,0.0,0.0,0.0,0.0,0.0,1.0,118.0,106.6,4.77,8.1,-11.34,-18.82
17,L,96,99,39,38,9,False,0.0,0.0,0.0,0.0,0.0,0.0,0.0,0.0,0.0,0.0,0.0,0.0,2.0,119.6,116.2,4.77,13.98,-10.87,-14.81
13,L,112,117,4,5,9,True,0.0,0.0,0.0,0.0,0.0,0.0,0.0,0.0,0.0,0.0,0.0,0.0,-1.0,114.0,113.4,11.54,11.68,-9.81,-4.52
13,W,127,100,4,4,9,True,0.0,0.0,0.0,0.0,0.0,0.0,0.0,0.0,0.0,0.0,0.0,0.0,-1.0,110.8,114.4,10.0,11.68,-8.71,-4.52
13,L,97,127,5,6,9,True,0.0,0.0,0.0,0.0,0.0,0.0,0.0,0.0,0.0,0.0,0.0,0.0,1.0,111.6,112.6,10.0,11.68,-10.23,-4.52
13,L,101,104,5,7,9,True,0.0,0.0,0.0,0.0,0.0,0.0,0.0,0.0,0.0,0.0,0.0,0.0,-1.0,110.4,116.2,9.88,11.68,-8.62,-4.52
13,W,121,106,5,6,9,True,0.0,0.0,0.0,0.0,0.0,0.0,0.0,0.0,0.0,0.0,0.0,0.0,-2.0,108.4,112.2,9.88,11.68,-8.62,-4.52
13,L,101,122,6,8,9,True,0.0,0.0,0.0,0.0,0.0,0.0,0.0,0.0,0.0,0.0,0.0,0.0,1.0,111.6,110.8,9.88,11.03,-10.16,-4.15
14,L,122,129,0,3,10,False,0.0,0.0,0.0,0.0,0.0,0.0,0.0,0.0,0.0,0.0,0.0,0.0,-5.0,107.2,120.8,8.14,6.45,-10.01,-1.98
16,L,105,125,0,4,10,False,0.0,0.0,0.0,0.0,0.0,0.0,0.0,0.0,0.0,0.0,0.0,0.0,-2.0,110.0,124.5,-0.68,3.88,-11.0,-10.33
12,L,93,95,1,8,10,False,0.0,0.0,0.0,0.0,0.0,0.0,0.0,0.0,0.0,0.0,0.0,0.0,-10.0,103.0,118.0,12.48,4.46,-10.85,-13.54
12,L,101,109,1,9,10,False,0.0,0.0,0.0,0.0,0.0,0.0,0.0,0.0,0.0,0.0,0.0,0.0,-4.0,100.5,112.2,12.48,5.06,-13.13,-12.2
17,L,117,129,1,10,10,False,0.0,0.0,0.0,0.0,0.0,0.0,0.0,0.0,0.0,0.0,0.0,0.0,-4.0,120.3,134.7,10.9,9.59,-15.38,-13.21
12,L,106,122,2,13,10,False,0.0,0.0,0.0,0.0,0.0,0.0,0.0,0.0,0.0,0.0,0.0,0.0,-5.0,100.6,111.6,12.48,5.06,-11.13,-9.81
11,L,91,99,3,14,10,False,0.0,0.0,0.0,0.0,0.0,0.0,0.0,0.0,0.0,0.0,0.0,0.0,-4.0,112.0,119.5,8.8,7.46,-15.75,-9.23
16,W,97,92,7,18,10,False,0.0,0.0,0.0,0.0,0.0,0.0,0.0,0.0,0.0,0.0,0.0,0.0,-3.0,108.3,124.7,12.48,16.78,-12.39,-10.48
15,L,108,111,9,20,10,False,0.0,0.0,0.0,0.0,0.0,0.0,0.0,0.0,0.0,0.0,0.0,0.0,-1.0,108.0,121.5,12.48,4.89,-12.39,-9.88
17,L,96,104,10,31,10,False,0.0,0.0,0.0,0.0,0.0,0.0,0.0,0.0,0.0,0.0,0.0,0.0,-6.0,119.5,133.2,12.48,8.07,-12.64,-16.02
12,L,100,121,10,34,10,False,0.0,0.0,0.0,0.0,0.0,0.0,0.0,0.0,0.0,0.0,0.0,0.0,-3.0,99.6,107.6,2.25,-6.63,-15.59,-12.1
13,L,132,140,10,35,10,False,0.0,0.0,0.0,0.0,0.0,0.0,0.0,0.0,0.0,0.0,0.0,0.0,1.0,116.0,119.0,8.8,3.05,-14.37,-13.87
17,L,104,113,10,37,10,False,0.0,0.0,0.0,0.0,0.0,0.0,0.0,0.0,0.0,0.0,0.0,0.0,-7.0,114.8,127.4,6.21,3.23,-15.58,-10.28
17,W,119,114,10,36,10,False,0.0,0.0,0.0,0.0,0.0,0.0,0.0,0.0,0.0,0.0,0.0,0.0,-13.0,114.4,125.2,6.21,8.07,-15.58,-16.16
15,L,95,97,13,44,10,False,0.0,0.0,0.0,0.0,0.0,0.0,0.0,0.0,0.0,0.0,0.0,0.0,-1.0,108.0,118.0,5.79,9.59,-14.29,-12.48
14,L,99,113,13,50,10,False,0.0,0.0,0.0,0.0,0.0,0.0,0.0,0.0,0.0,0.0,0.0,0.0,-2.0,110.2,122.4,10.59,11.6,-15.58,-6.97
11,L,125,134,15,52,10,False,0.0,0.0,0.0,0.0,0.0,0.0,0.0,0.0,0.0,0.0,0.0,0.0,-1.0,105.0,112.7,3.84,5.42,-15.27,-7.3
13,W,114,110,16,52,10,False,0.0,0.0,0.0,0.0,0.0,0.0,0.0,0.0,0.0,0.0,0.0,0.0,-11.0,119.2,123.2,10.59,3.17,-15.36,-10.03
14,L,125,130,18,56,10,False,0.0,0.0,0.0,0.0,0.0,0.0,0.0,0.0,0.0,0.0,0.0,0.0,-11.0,109.6,117.8,10.59,1.55,-16.9,-0.53
14,L,114,151,18,57,10,False,0.0,0.0,0.0,0.0,0.0,0.0,0.0,0.0,0.0,0.0,0.0,0.0,-3.0,113.4,121.2,10.59,5.36,-14.15,-2.3
13,L,109,134,19,61,10,False,0.0,0.0,0.0,0.0,0.0,0.0,0.0,0.0,0.0,0.0,0.0,0.0,2.0,125.0,126.2,10.59,11.68,-16.9,-6.43
15,W,101,99,3,5,11,False,0.0,0.0,0.0,0.0,0.0,0.0,0.0,0.0,0.0,0.0,0.0,0.0,-1.0,100.7,109.7,7.54,9.41,-9.29,-12.29
17,L,101,115,10,8,11,False,0.0,0.0,0.0,0.0,0.0,0.0,0.0,0.0,0.0,0.0,0.0,0.0,-6.0,109.0,114.5,7.85,14.93,-9.54,-13.26
12,L,100,114,11,9,11,False,0.0,0.0,0.0,0.0,0.0,0.0,0.0,0.0,0.0,0.0,0.0,0.0,1.0,127.5,127.5,7.85,-3.24,-8.11,-7.08
13,W,116,115,11,8,11,False,0.0,0.0,0.0,0.0,0.0,0.0,0.0,0.0,0.0,0.0,0.0,0.0,1.0,113.5,114.0,7.85,11.24,-11.07,-9.81
17,L,115,121,13,13,11,False,0.0,0.0,0.0,0.0,0.0,0.0,0.0,0.0,0.0,0.0,0.0,0.0,-1.0,106.3,114.7,5.42,8.07,-10.69,-12.91
15,L,82,87,14,15,11,False,0.0,0.0,0.0,0.0,0.0,0.0,0.0,0.0,0.0,0.0,0.0,0.0,1.0,100.8,107.0,5.42,12.11,-8.06,-11.69
15,W,111,108,16,16,11,False,0.0,0.0,0.0,0.0,0.0,0.0,0.0,0.0,0.0,0.0,0.0,0.0,-2.0,97.0,103.0,9.3,12.11,-10.26,-10.46
12,W,131,130,19,17,11,False,0.0,0.0,0.0,0.0,0.0,0.0,0.0,0.0,0.0,0.0,0.0,0.0,-1.0,118.3,123.0,5.42,5.76,-7.88,-8.54
14,L,112,130,23,22,11,False,0.0,0.0,0.0,0.0,0.0,0.0,0.0,0.0,0.0,0.0,0.0,0.0,-2.0,102.5,134.0,0.05,11.86,-12.54,-7.49
16,L,119,132,23,23,11,False,0.0,0.0,0.0,0.0,0.0,0.0,0.0,0.0,0.0,0.0,0.0,0.0,-7.0,106.8,119.8,3.94,6.29,-11.63,-15.04
16,L,131,141,24,28,11,False,0.0,0.0,0.0,0.0,0.0,0.0,0.0,0.0,0.0,0.0,0.0,0.0,-4.0,109.2,122.2,-1.25,12.94,-7.94,-11.86
14,L,100,112,24,29,11,False,0.0,0.0,0.0,0.0,0.0,0.0,0.0,0.0,0.0,0.0,0.0,0.0,-3.0,105.7,132.7,-1.25,7.3,-7.94,-11.38
13,L,111,112,24,30,11,False,0.0,0.0,0.0,0.0,0.0,0.0,0.0,0.0,0.0,0.0,0.0,0.0,1.0,114.3,114.3,5.42,8.96,-7.62,-7.43
15,L,111,116,25,32,11,False,0.0,0.0,0.0,0.0,0.0,0.0,0.0,0.0,0.0,0.0,0.0,0.0,2.0,98.8,106.4,5.42,9.59,-8.26,-12.48
16,W,139,123,31,38,11,False,0.0,0.0,0.0,0.0,0.0,0.0,0.0,0.0,0.0,0.0,0.0,0.0,-2.0,113.6,126.6,-0.83,11.56,-9.89,-16.19
16,L,136,149,33,45,11,False,0.0,0.0,0.0,0.0,0.0,0.0,0.0,0.0,0.0,0.0,0.0,0.0,1.0,121.4,127.6,-3.59,13.32,-10.48,-12.19
13,W,103,97,0,0,12,False,0.0,0.0,0.0,0.0,0.0,0.0,0.0,0.0,0.0,0.0,0.0,0.0,5.0,116.8,109.5,8.36,15.21,-7.54,-5.23
13,W,114,101,6,5,12,False,0.0,0.0,0.0,0.0,0.0,0.0,0.0,0.0,0.0,0.0,0.0,0.0,1.0,114.0,107.0,5.06,8.49,-9.81,-11.68
15,L,110,115,14,14,12,False,0.0,0.0,0.0,0.0,0.0,0.0,0.0,0.0,0.0,0.0,0.0,0.0,-1.0,113.0,115.0,3.29,6.99,-11.28,-13.73
17,W,99,88,16,13,12,False,0.0,0.0,0.0,0.0,0.0,0.0,0.0,0.0,0.0,0.0,0.0,0.0,-1.0,113.4,106.4,5.76,0.69,-13.25,-15.7
15,L,100,110,21,19,12,False,0.0,0.0,0.0,0.0,0.0,0.0,0.0,0.0,0.0,0.0,0.0,0.0,-2.0,112.0,115.0,3.11,12.11,-8.41,-9.56
17,L,115,128,21,21,12,False,0.0,0.0,0.0,0.0,0.0,0.0,0.0,0.0,0.0,0.0,0.0,0.0,3.0,108.0,101.0,-0.39,8.07,-12.47,-16.02
13,W,133,115,25,24,12,False,0.0,0.0,0.0,0.0,0.0,0.0,0.0,0.0,0.0,0.0,0.0,0.0,2.0,113.0,104.2,3.3,3.05,-8.91,-14.11
16,L,105,106,29,27,12,False,0.0,0.0,0.0,0.0,0.0,0.0,0.0,0.0,0.0,0.0,0.0,0.0,1.0,133.0,128.0,3.3,12.94,-11.67,-11.86
16,L,106,119,31,29,12,False,0.0,0.0,0.0,0.0,0.0,0.0,0.0,0.0,0.0,0.0,0.0,0.0,-1.0,123.7,120.7,-1.43,12.94,-13.23,-17.08
17,L,101,108,33,32,12,False,0.0,0.0,0.0,0.0,0.0,0.0,0.0,0.0,0.0,0.0,0.0,0.0,-5.0,110.2,109.8,7.51,7.12,-6.52,-16.18
14,W,135,129,33,33,12,False,0.0,0.0,0.0,0.0,0.0,0.0,0.0,0.0,0.0,0.0,0.0,0.0,-2.0,109.8,124.5,7.51,1.55,-7.1,-5.44
14,W,141,132,40,36,12,False,0.0,0.0,0.0,0.0,0.0,0.0,0.0,0.0,0.0,0.0,0.0,0.0,1.0,114.8,125.4,0.18,5.65,-10.39,-11.7
14,L,94,108,41,38,12,False,0.0,0.0,0.0,0.0,0.0,0.0,0.0,0.0,0.0,0.0,0.0,0.0,2.0,120.2,127.8,2.83,11.6,-10.58,-7.84
13,W,125,118,41,38,12,False,0.0,0.0,0.0,0.0,0.0,0.0,0.0,0.0,0.0,0.0,0.0,0.0,3.0,117.4,105.2,2.83,11.68,-12.0,-7.64
17,L,102,111,0,6,13,False,0.0,0.0,0.0,0.0,0.0,0.0,0.0,0.0,0.0,0.0,0.0,0.0,-3.0,96.8,111.0,1.08,14.93,-6.8,-13.13
16,W,133,129,8,12,13,False,0.0,0.0,0.0,0.0,0.0,0.0,0.0,0.0,0.0,0.0,0.0,0.0,-1.0,109.0,120.0,11.09,17.89,-10.66,-10.0
15,L,98,112,14,22,13,False,0.0,0.0,0.0,0.0,0.0,0.0,0.0,0.0,0.0,0.0,0.0,0.0,-1.0,113.5,115.0,4.13,9.59,-9.56,-11.29
15,W,112,109,16,21,13,False,0.0,0.0,0.0,0.0,0.0,0.0,0.0,0.0,0.0,0.0,0.0,0.0,-1.0,108.3,114.0,-6.78,12.11,-7.0,-10.59
14,W,122,121,20,25,13,False,0.0,0.0,0.0,0.0,0.0,0.0,0.0,0.0,0.0,0.0,0.0,0.0,-1.0,108.5,114.2,3.05,14.98,-9.16,-6.82
16,L,106,115,25,32,13,False,0.0,0.0,0.0,0.0,0.0,0.0,0.0,0.0,0.0,0.0,0.0,0.0,2.0,117.0,123.0,0.38,12.94,-5.1,-15.03
14,L,109,121,29,34,13,False,0.0,0.0,0.0,0.0,0.0,0.0,0.0,0.0,0.0,0.0,0.0,0.0,1.0,111.2,115.6,5.56,11.6,-11.12,-8.51
17,L,102,110,30,35,13,False,0.0,0.0,0.0,0.0,0.0,0.0,0.0,0.0,0.0,0.0,0.0,0.0,-5.0,97.8,111.0,5.56,7.12,-11.12,-17.03
14,W,112,103,31,34,13,False,0.0,0.0,0.0,0.0,0.0,0.0,0.0,0.0,0.0,0.0,0.0,0.0,-1.0,108.8,116.2,5.56,5.36,-10.09,-6.27
17,W,123,111,38,38,13,False,0.0,0.0,0.0,0.0,0.0,0.0,0.0,0.0,0.0,0.0,0.0,0.0,-1.0,101.6,111.6,11.68,13.98,-6.43,-17.56
17,W,108,102,43,39,13,False,0.0,0.0,0.0,0.0,0.0,0.0,0.0,0.0,0.0,0.0,0.0,0.0,2.0,107.8,111.8,11.68,5.42,-5.8,-16.04
14,W,128,112,0,0,13,True,0.0,0.0,0.0,0.0,0.0,0.0,0.0,0.0,0.0,0.0,0.0,0.0,2.0,112.2,115.2,11.68,11.6,-5.8,-5.3
14,L,93,103,1,2,13,True,0.0,0.0,0.0,0.0,0.0,0.0,0.0,0.0,0.0,0.0,0.0,0.0,1.0,118.0,116.8,11.68,5.36,-5.8,-6.41
14,W,111,101,1,1,13,True,0.0,0.0,0.0,0.0,0.0,0.0,0.0,0.0,0.0,0.0,0.0,0.0,-1.0,112.8,112.0,11.68,11.6,-5.8,-5.3
14,W,117,111,2,1,13,True,0.0,0.0,0.0,0.0,0.0,0.0,0.0,0.0,0.0,0.0,0.0,0.0,1.0,110.6,108.0,11.68,11.6,-5.8,-5.3
14,L,99,116,3,3,13,True,0.0,0.0,0.0,0.0,0.0,0.0,0.0,0.0,0.0,0.0,0.0,0.0,2.0,112.2,106.0,11.68,11.6,-5.8,-5.3
14,W,125,85,3,2,13,True,0.0,0.0,0.0,0.0,0.0,0.0,0.0,0.0,0.0,0.0,0.0,0.0,-1.0,109.6,108.6,11.68,11.6,-5.8,-5.3
17,W,114,103,8,4,14,False,0.0,0.0,0.0,0.0,0.0,0.0,0.0,0.0,0.0,0.0,0.0,0.0,2.0,114.2,105.0,13.85,14.93,-10.32,-14.42
17,L,101,109,12,10,14,False,0.0,0.0,0.0,0.0,0.0,0.0,0.0,0.0,0.0,0.0,0.0,0.0,2.0,112.2,106.4,10.68,1.51,-11.23,-8.35
15,W,101,93,14,9,14,False,0.0,0.0,0.0,0.0,0.0,0.0,0.0,0.0,0.0,0.0,0.0,0.0,5.0,104.0,109.5,0.67,12.11,-14.2,-13.0
16,W,142,101,18,9,14,False,0.0,0.0,0.0,0.0,0.0,0.0,0.0,0.0,0.0,0.0,0.0,0.0,4.0,120.5,114.0,10.68,9.73,-7.94,-11.72
17,L,100,111,31,19,14,False,0.0,0.0,0.0,0.0,0.0,0.0,0.0,0.0,0.0,0.0,0.0,0.0,-1.0,111.6,109.2,7.3,8.07,-9.9,-17.48
17,W,128,107,33,21,14,False,0.0,0.0,0.0,0.0,0.0,0.0,0.0,0.0,0.0,0.0,0.0,0.0,-5.0,108.0,107.6,11.6,7.12,-9.02,-15.47
15,L,119,138,41,28,14,False,0.0,0.0,0.0,0.0,0.0,0.0,0.0,0.0,0.0,0.0,0.0,0.0,3.0,103.0,104.0,5.36,8.62,-8.17,-7.97
16,W,137,114,50,30,14,False,0.0,0.0,0.0,0.0,0.0,0.0,0.0,0.0,0.0,0.0,0.0,0.0,7.0,127.7,109.7,14.28,-18.51,-13.05,-9.14
17,L,101,105,7,12,15,False,0.0,0.0,0.0,0.0,0.0,0.0,0.0,0.0,0.0,0.0,0.0,0.0,-1.0,102.5,113.0,2.82,14.93,-13.67,-12.13
17,W,113,110,16,17,15,False,0.0,0.0,0.0,0.0,0.0,0.0,0.0,0.0,0.0,0.0,0.0,0.0,-4.0,102.0,110.3,3.49,6.18,-12.67,-15.89
16,W,108,102,22,20,15,False,0.0,0.0,0.0,0.0,0.0,0.0,0.0,0.0,0.0,0.0,0.0,0.0,-1.0,117.8,110.8,2.61,2.47,-8.5,-14.89
16,W,111,95,23,20,15,False,0.0,0.0,0.0,0.0,0.0,0.0,0.0,0.0,0.0,0.0,0.0,0.0,2.0,115.8,109.0,2.61,6.29,-10.8,-14.78
16,L,115,123,29,26,15,False,0.0,0.0,0.0,0.0,0.0,0.0,0.0,0.0,0.0,0.0,0.0,0.0,3.0,110.6,109.0,9.59,12.94,-8.71,-11.86
16,L,99,128,32,29,15,False,0.0,0.0,0.0,0.0,0.0,0.0,0.0,0.0,0.0,0.0,0.0,0.0,-2.0,113.2,108.8,8.62,13.32,-8.94,-10.07
16,W,130,117,0,0,15,True,0.0,0.0,0.0,0.0,0.0,0.0,0.0,0.0,0.0,0.0,0.0,0.0,-3.0,110.4,113.6,10.67,15.03,-9.63,-10.81
16,L,122,138,1,2,15,True,0.0,0.0,0.0,0.0,0.0,0.0,0.0,0.0,0.0,0.0,0.0,0.0,1.0,112.6,113.0,5.16,8.38,-9.41,-12.88
16,W,121,99,1,1,15,True,0.0,0.0,0.0,0.0,0.0,0.0,0.0,0.0,0.0,0.0,0.0,0.0,-1.0,115.4,120.2,6.95,8.38,-10.53,-12.88
16,W,119,114,2,1,15,True,0.0,0.0,0.0,0.0,0.0,0.0,0.0,0.0,0.0,0.0,0.0,0.0,1.0,117.4,121.0,6.95,15.03,-12.32,-10.77
16,W,128,126,3,1,15,True,0.0,0.0,0.0,0.0,0.0,0.0,0.0,0.0,0.0,0.0,0.0,0.0,2.0,118.2,119.2,6.95,15.03,-12.32,-10.81
17,W,115,102,7,0,16,False,0.0,0.0,0.0,0.0,0.0,0.0,0.0,0.0,0.0,0.0,0.0,0.0,-1.0,113.5,125.5,13.32,14.93,-10.64,-13.26
17,W,123,114,22,12,16,False,0.0,0.0,0.0,0.0,0.0,0.0,0.0,0.0,0.0,0.0,0.0,0.0,8.0,114.0,117.7,7.64,3.23,-15.11,-17.39
